-5.821
8.883
0.31
-4.942
9.177
0.569
-2.595
9.386
-0.23
-1.602
9.548
0.544
11.461
1.961
-0.486
12.148
2.876
0.188
11.712
2.919
-0.499
12.571
3.879
-0.053
16.287
8.302
-0.97
17.543
9.104
0.851
12.737
8.361
-0.801
14.105
8.889
0.756
13.732
9.211
-1.004
13.913
11.109
0.804
20.513
-2.927
-1.243
20.913
-1.849
-0.466
6.606
16.687
-1.143
7.529
16.879
0.486
6.024
15.979
-1.1
6.445
16.858
-0.246
-6.478
15.975
-1.083
-5.041
16.921
0.262
12.699
-8.018
-0.901
14.164
-7.093
0.741
-0.906
9.315
-0.609
0.173
9.718
0.53
-15.835
-7.071
-1.299
-13.608
-6.426
0.778
-13.815
-7.027
-1.348
-12.629
-6.488
-0.186
-1.639
11.414
-1.193
0.277
12.727
0.479
-6.017
12.695
-1.541
-5.142
14.001
-0.629
-12.656
-7.193
-1.343
-10.942
-6.174
0.691
7.762
-7.983
-1.143
10.972
-6.361
0.64
-14.535
3.609
-1.689
-13.566
5.573
-0.097
9.414
9.648
-1.745
10.332
11.945
0.731
0.383
14.486
-2.015
1.716
15.7
-0.996
-11.198
7.612
-1.867
-9.984
10.585
0.704
-12.228
-3.084
-1.518
-11.198
-1.588
-0.767
8.615
8.299
-1.711
10.93
9.485
0.665
9.647
1.762
-1.535
11.293
4.055
0.117
5.985
10.308
-1.88
7.887
13.377
0.691
0.028
11.288
-1.836
3.096
12.63
0.613
5.131
-3.203
-0.942
6.408
-1.791
-0.199
5.899
8.448
-1.791
8.001
10.065
0.602
-11.024
-7.881
-1.349
6.591
-6.111
0.62
6.428
4.418
-1.63
8.428
5.98
-0.713
-9.325
8.835
-1.875
0.172
12.514
0.642
-8.011
4.019
-1.714
-5.761
5.3
-0.226
-1.425
-4.112
-1.34
-1.318
-3.863
0.354
3.071
-3.187
-1.399
5.354
-1.666
-0.256
-4.683
3.955
-1.674
-0.314
5.763
-0.431
