3.319
8.401
0.191
5.539
8.888
0.544
2.436
8.372
0.192
3.23
8.586
0.456
-5.511
-9.862
0.189
-5.033
-9.049
0.584
4.348
10.767
0.108
4.833
11.979
0.645
-1.74
-12.105
0.11
-0.821
-11.418
0.61
14.827
8.424
-0.162
15.685
8.776
0.69
10.714
8.443
-0.089
12.512
9.485
0.713
2.302
12.654
-0.072
4.025
12.918
0.662
7.059
8.397
-0.103
9.028
8.911
0.63
-11.235
16.389
-0.435
-9.964
17.084
0.511
-15.337
-7.277
-0.329
-14.055
-6.823
0.774
7.937
9.511
-0.318
8.492
12.858
0.719
-13.058
13.439
-0.747
-12.648
14.732
0.501
-14.883
8.741
-0.823
-12.611
11.32
0.781
-16.656
8.373
-1.174
-16.079
9.792
0.85
-17.34
-7.334
-1.154
-16.583
-6.785
-0.182
-8.503
12.889
-1.037
-7.796
13.462
-0.391
-19.58
3.419
-1.516
-19.102
5.305
-0.308
13.628
-8.284
-1.246
14.982
-7.091
0.759
-17.417
-3.278
-1.471
-16.651
-1.872
-0.776
-11.64
12.504
-1.567
-11.047
12.862
-0.748
15.136
-3.091
-1.433
15.951
-1.5
-0.415
11.432
-7.881
-1.291
12.672
-6.881
0.427
-5.336
13.527
-1.643
-4.001
16
0.548
-11.048
8.855
-1.603
-9.64
10.66
0.697
10.979
4.749
-1.514
12.784
6.243
-0.886
-12.253
3.923
-1.496
-11.203
5.165
-0.121
2.157
-11.517
-1.309
2.96
-10.372
-0.499
-2.973
11.478
-1.547
-2.389
12.43
0.621
-8.067
9.228
-1.611
-4.913
13.452
0.636
2.446
-8.039
-1.388
11.372
-6.244
0.649
0.547
8.26
-1.56
2.343
8.941
0.502
-13.181
-7.934
-1.405
1.498
-6.249
0.701
-9.238
3.952
-1.525
-5.613
5.687
-0.393
-0.677
1.54
-1.497
4.024
3.801
0.358
-2.275
-3.212
-1.334
1.254
-1.177
-0.262
