-11.663
11.283
0.37
-10.737
11.891
0.761
7.957
-9.438
-0.048
8.321
-8.704
0.632
15.794
8.003
-0.378
16.976
8.56
0.628
9.001
10.407
-0.426
9.497
11.109
0.694
-0.997
19.743
-0.679
0.443
20.262
0.27
14.013
-12.403
-0.663
15.366
-11.785
0.867
16.965
-8.385
-0.999
18.097
-7.707
0.864
1.397
-15.297
-1.01
2.407
-14.824
-0.286
0.121
16.044
-1.265
2.219
17.095
0.779
13.329
-8.193
-1.137
14.542
-7.669
0.759
11.946
8.073
-1.294
14.537
10.801
0.761
1.758
12.015
-0.928
2.046
12.667
0.245
-17.258
9.276
-1.83
-16.212
10.666
0.745
-5.684
10.946
-1.237
-3.073
12.818
0.669
-14.313
9.425
-1.691
-13.448
10.269
0.262
12.824
4.272
-1.505
13.804
5.851
-0.95
7.6
8.147
-1.412
9.753
10.619
0.672
-5.676
8.413
-1.106
-2.761
9.919
0.557
-0.845
-10.659
-1.133
-0.135
-9.684
-0.303
-13.429
9.374
-1.958
-11.172
14.979
0.385
-9.376
11.583
-1.919
-8.549
13.077
0.703
8.506
-3.334
-1.351
9.719
-1.76
-0.287
4.493
9.256
-1.685
5.021
11.148
-0.955
-13.836
-9.083
-1.411
-4.959
-6.169
0.72
-11.791
1.655
-1.614
-8.033
3.731
0.051
-4.271
-8.788
-1.314
12.538
-6.329
0.695
-2.804
8.211
-1.737
7.391
11.973
0.557
4.639
4.576
-1.606
9.043
6.302
-0.457
-6.774
-3.24
-1.487
-5.242
-1.723
-0.419
-4.806
4.41
-1.653
-1.12
5.928
-0.495
