13.443
8.149
0.182
14.318
9.076
0.769
-2.873
-10.89
0.121
-2.144
-9.452
0.585
2.931
-16.19
0.078
4.289
-15.891
0.772
-18.638
-7.05
-0.067
-17.758
-6.622
0.869
-7.824
16.972
-0.628
-6.915
17.283
0.493
-10.58
14.231
-0.704
-10.155
15.014
0.39
16.198
-8.2
-0.915
17.005
-7.184
0.827
9.739
8.416
-0.728
11.434
8.986
0.677
14.279
-7.799
-0.908
14.74
-7.105
0.077
10.205
9.447
-0.918
10.899
12.188
0.753
17.487
-3.175
-1.118
18.073
-1.607
-0.377
5.671
12.34
-0.936
6.349
12.964
0.69
-8.718
8.908
-0.928
-6.988
10.468
0.646
-15.511
-7.253
-1.365
-14.165
-6.336
0.758
-12.585
8.822
-1.397
-9.787
11.775
0.718
-17.399
3.512
-1.746
-16.769
5.412
-0.463
-14.42
8.424
-1.84
-13.406
10.082
0.784
-15.197
-3.292
-1.612
-14.168
-1.748
-0.833
-9.083
12.649
-1.854
-8.316
14.04
-0.407
6.523
9.673
-1.619
7.198
12.085
0.677
-2.895
14.126
-1.824
-1.554
15.881
-0.681
4.768
-8.007
-1.192
13.492
-6.278
0.707
5.444
8.437
-1.5
7.975
9.512
0.59
2.87
11.369
-1.698
3.817
13.068
0.657
-4.657
10.807
-1.733
-2.445
12.831
0.614
-0.89
11.475
-1.719
-0.013
11.72
0.599
-10.939
3.952
-1.655
-8.86
5.197
-0.196
2.881
8.448
-1.628
5.549
9.895
0.55
-5.723
8.904
-1.741
-2.898
10.792
0.382
-13.618
-7.861
-1.466
3.558
-6.25
0.71
-4.616
-4.282
-1.232
-4.382
-4.05
0.416
3.45
4.434
-1.522
5.015
5.971
-0.514
-7.59
3.954
-1.64
-3.307
5.668
-0.415
3.419
1.695
-1.485
8.739
3.976
0.226
0.83
-3.235
-1.389
3.711
-1.587
-0.256
