17.866
-8.191
-0.554
18.278
-7.255
0.877
11.921
9.31
-0.809
12.509
11.503
0.775
18.959
-3.23
-1.134
19.594
-1.695
-0.412
11.254
8.131
-0.859
12.814
8.975
0.721
-17.225
-6.99
-1.261
-16.023
-6.5
0.822
11.135
-7.769
-0.958
12.854
-7.074
0.695
13.514
-7.509
-1.075
14.61
-6.989
0.257
14.602
8.326
-1.326
16.103
9.255
0.81
9.604
-7.452
-0.871
11.249
-7.179
0.645
-3.049
11.223
-1.078
0.548
12.537
0.602
-7.547
12.671
-1.416
-6.678
13.944
-0.554
-7.164
8.847
-1.089
-4.037
10.727
0.616
-14.197
-7.199
-1.444
-12.543
-6.267
0.732
-16.076
3.585
-1.79
-15.162
5.514
-0.21
-12.916
7.526
-1.907
-11.677
10.324
0.735
-13.725
-3.12
-1.588
-12.729
-1.637
-0.814
6.246
-8.047
-1.18
9.502
-6.315
0.596
-1.201
14.379
-1.918
-0.002
15.772
-0.932
9.604
1.918
-1.41
11.08
2.185
-0.203
-10.906
8.852
-1.852
-8.182
11.876
0.68
4.433
10.546
-1.762
5.884
13.147
0.681
0.584
11.505
-1.734
1.554
12.206
0.602
4.382
8.134
-1.685
9.471
12.014
0.703
-4.149
9.3
-1.798
-1.36
10.715
0.123
-9.556
4.015
-1.678
-7.183
5.266
-0.251
-12.474
-7.867
-1.434
5.075
-6.233
0.664
6.528
1.788
-1.49
9.355
3.958
0.235
4.992
4.457
-1.579
7.407
5.95
-0.584
-2.976
-4.176
-1.361
-2.796
-3.944
0.377
-6.279
3.938
-1.667
-1.786
5.592
-0.408
1.485
-3.218
-1.379
5.085
-1.681
-0.203
