12.317
8.426
0.182
13.68
9.079
0.746
-3.787
-10.604
0.19
-3.043
-9.239
0.582
9.004
8.409
0.099
10.462
8.851
0.659
-3.695
14.012
-0.371
-3.155
14.835
0.546
-8.98
16.736
-0.532
-7.715
17.26
0.498
-11.41
14.043
-0.504
-10.927
14.962
0.488
5.933
9.61
-0.325
6.402
10.469
0.619
9.515
9.415
-0.874
9.998
12.382
0.742
15.412
-8.276
-0.985
16.324
-7.15
0.805
-9.467
8.891
-0.895
-7.994
10.542
0.66
13.273
-7.817
-1.043
14.058
-7.075
0.182
-13.323
8.745
-1.141
-10.558
11.627
0.737
16.713
-3.156
-1.269
17.379
-1.569
-0.468
6.188
13.949
-1.224
7.005
14.112
0.633
-16.242
-7.298
-1.334
-15.012
-6.368
0.596
-18.031
3.451
-1.614
-17.547
5.39
-0.374
-15.968
-3.333
-1.436
-15.051
-1.744
-0.781
-15.172
8.393
-1.715
-14.329
9.943
0.81
-14.066
-7.308
-1.324
-11.654
-6.735
0.732
-10.091
12.528
-1.786
-9.307
13.406
-0.319
5.818
10.448
-1.476
6.421
11.964
0.659
5.489
12.514
-1.711
6.293
12.961
-0.341
-3.706
13.838
-1.756
-2.258
15.953
-0.58
4.427
11.26
-1.664
5.67
12.975
0.678
4.01
-7.899
-1.252
12.725
-6.259
0.658
4.939
8.433
-1.363
7.132
9.452
0.573
1.715
11.614
-1.725
2.779
13.119
0.627
-11.594
3.937
-1.55
-9.592
5.169
-0.151
-1.399
11.479
-1.742
-0.727
12.362
0.6
-6.684
8.801
-1.756
-3.406
12.816
0.617
2.09
8.375
-1.652
4.836
9.787
0.528
-11.716
-7.484
-1.331
2.776
-6.237
0.653
-8.269
3.93
-1.584
-4.038
5.727
-0.372
2.652
4.434
-1.566
3.74
5.909
-0.87
2.059
1.702
-1.529
7.187
3.969
0.367
-0.716
-3.167
-1.342
2.91
-1.493
-0.276
