-0.054
-12.614
-0.054
0.554
-12.222
0.636
0.944
-12.642
-0.057
1.735
-12.15
0.636
3.227
-17.173
-0.156
4.444
-16.647
0.801
-16.258
-7.234
-0.339
-15.275
-6.658
0.798
15.226
7.74
-0.578
16.39
8.257
0.818
0.855
9.372
-0.234
1.141
9.979
0.425
5.04
10.524
-0.465
5.366
10.899
0.618
10.489
-12.356
-0.728
11.135
-12.061
0.765
8.706
-13.202
-0.74
9.725
-12.408
0.745
-9.814
11.912
-0.852
-8.956
12.825
0.735
10.158
-10.129
-0.777
10.506
-8.789
0.69
0.583
11.557
-0.681
1.199
11.974
0.244
-16.08
11.549
-1.399
-15.338
13.809
0.27
1.975
-11.795
-0.774
2.912
-10.535
-0.081
-0.024
-11.159
-0.791
0.265
-10.609
-0.074
8.253
8.717
-1.142
8.956
12.101
0.678
11.028
-8.574
-1.167
13.979
-7.855
0.751
-5.554
13.979
-1.37
-4.595
14.824
0.62
-0.711
18.836
-1.903
0.241
19.261
-0.866
-9.646
8.549
-1.234
-8.255
10.017
0.645
-16.771
1.781
-1.698
-16.173
3.637
-0.139
-16.593
4.375
-1.794
-15.994
6.023
-0.852
-1.771
-9.542
-0.839
-1.542
-8.632
-0.276
-1.549
9.996
-1.127
-1.029
10.789
0.373
3.985
8.055
-1.184
6.01
10.703
0.591
-14.618
-8.369
-1.48
-9.23
-6.222
0.736
-5.073
-11.372
-1.315
-4.325
-9.549
0.617
-4.883
10.571
-1.545
-4.691
11.94
0.631
-9.576
10.559
-1.752
-7.921
11.456
-0.779
7.038
7.811
-1.56
14.518
9.099
0.741
3.243
11.381
-1.704
5.022
12.412
0.646
8.822
4.068
-1.482
11.614
5.701
-0.398
2.387
8.834
-1.447
3.227
10.054
-0.371
-10.327
-3.315
-1.55
-9.078
-1.747
-0.444
-6.917
8.153
-1.735
2.973
10.422
0.586
-8.577
-9.328
-1.417
10.663
-6.304
0.645
-7.683
4.492
-1.663
-5.03
6.071
-0.565
4.413
-3.391
-1.385
7.447
-1.816
-0.272
0.745
4.485
-1.584
5.119
6.172
-0.439
