-12.719
9.416
0.083
-12.011
10.168
0.735
13.532
-9.396
-0.026
13.782
-8.515
0.768
-4.734
8.447
-0.097
-3.708
8.756
0.54
14.77
7.988
-0.475
16.029
8.515
0.807
-1.596
-10.739
-0.189
-1.288
-9.924
0.499
12.796
-12.573
-0.621
14.404
-12.085
0.843
8.205
10.438
-0.478
8.569
10.97
0.676
-1.656
19.787
-0.938
-0.35
20.238
0.27
-1.155
8.381
-0.273
0.021
8.722
0.402
15.945
-8.469
-1.079
17.333
-7.749
0.838
11.7
8.718
-0.916
12.13
11.106
0.743
-0.493
16.043
-1.235
1.276
17.062
0.768
-1.844
13.998
-1.096
-1.474
14.535
0.251
-15.098
9.497
-1.455
-14.387
10.576
0.264
12.371
-8.274
-1.154
13.789
-7.712
0.737
-18.038
9.263
-1.93
-17.133
10.59
0.515
11.006
8.01
-1.593
14.549
8.865
0.74
-6.46
8.48
-1.122
-4.813
9.931
0.572
-13.054
10.426
-2.006
-12.035
14.66
0.266
-1.592
-10.914
-1.086
-1.126
-9.826
-0.197
12.147
4.209
-1.529
13.42
5.818
-0.903
-10.003
11.595
-1.735
-9.328
12.528
0.629
-12.989
9.483
-1.856
-12.261
10.637
-0.406
-6.482
10.993
-1.506
-4.235
12.835
0.689
6.804
8.148
-1.559
8.933
10.642
0.654
-13.181
4.816
-1.749
-12.763
5.853
-0.768
-13.126
1.651
-1.648
-12.013
2.093
-0.061
3.721
11.03
-1.711
4.398
12.415
0.334
-14.701
-8.756
-1.404
-5.799
-6.175
0.742
-10.786
1.767
-1.632
-9.546
3.669
-0.06
3.724
9.447
-1.7
3.773
10.378
-1.006
7.726
-3.365
-1.357
8.902
-1.785
-0.249
-5.121
-9.776
-1.32
11.731
-6.334
0.675
-3.301
8.207
-1.77
6.232
10.195
0.546
-7.142
-3.366
-1.492
-6.016
-1.721
-0.407
3.874
4.504
-1.621
8.217
6.168
-0.491
-5.595
4.427
-1.67
-1.899
6.011
-0.522
