-11.966
7.592
0.251
-11.701
8.658
0.701
18.438
-8.055
-0.445
19.076
-7.298
0.901
11.991
8.36
-0.75
13.304
8.957
0.737
19.839
-3.073
-1.038
19.992
-1.841
-0.436
15.519
8.298
-1.046
16.793
9.338
0.833
12.727
9.174
-0.94
13.291
11.309
0.79
5.862
16.66
-1.029
6.54
16.868
0.481
-7.204
15.96
-1.004
-6.262
16.773
0.263
11.957
-7.946
-0.872
13.402
-7.073
0.719
9.656
1.945
-0.703
11.045
3.948
0.24
-16.759
-6.927
-1.281
-15.224
-6.463
0.796
-2.203
11.223
-1.097
1.057
12.387
0.601
-6.801
12.667
-1.336
-5.882
13.977
-0.626
-13.376
-7.193
-1.424
-11.715
-6.205
0.705
8.851
9.633
-1.607
9.568
11.953
0.715
-15.428
3.613
-1.787
-14.443
5.541
-0.112
7.022
-7.822
-1.129
10.176
-6.365
0.626
-12.077
8.947
-1.871
-10.85
10.478
0.725
-12.925
-3.14
-1.577
-11.937
-1.669
-0.828
-0.386
14.547
-1.956
0.993
15.716
-0.904
8.068
8.329
-1.622
10.191
9.562
0.644
5.222
10.302
-1.833
6.905
13.391
0.694
1.187
11.504
-1.774
2.329
12.439
0.606
-10.176
8.806
-1.888
-6.981
11.896
0.659
8.105
1.753
-1.489
10.037
4.011
0.238
5.181
8.452
-1.747
7.997
10.041
0.588
-11.745
-7.873
-1.404
5.826
-6.223
0.643
-6.836
8.879
-1.819
-0.587
10.736
0.603
-8.751
4.004
-1.701
-6.548
5.28
-0.22
5.749
4.419
-1.579
8.044
5.976
-0.434
-2.211
-4.177
-1.353
-2.08
-3.948
0.364
-5.471
3.947
-1.677
-1.045
5.708
-0.394
2.307
-3.235
-1.377
5.807
-1.651
-0.197
