-6.364
-9.632
0.242
-5.914
-8.997
0.593
-3.797
11.48
0.105
-3.183
12.441
0.635
6.308
8.032
-0.036
8.21
8.839
0.612
-16.036
-7.298
-0.158
-14.837
-6.828
0.796
7.153
9.712
-0.162
7.611
12.633
0.697
-12.255
16.17
-0.323
-11.264
16.777
0.518
14.121
9.353
-0.575
14.815
10.254
0.478
2.954
8.454
-0.218
4.692
8.964
0.531
3.563
10.665
-0.327
4.027
12.002
0.624
-6.108
13.682
-0.552
-5.6
14.776
0.563
-13.91
13.326
-0.776
-13.519
14.17
0.053
1.166
12.565
-0.52
3.684
12.982
0.659
-15.672
8.734
-0.774
-13.351
10.868
0.694
-17.448
8.736
-0.995
-17.133
9.712
0.872
-20.449
3.384
-1.57
-19.956
4.994
-0.582
-18.107
-3.358
-1.442
-17.441
-1.857
-0.715
13.014
-8.186
-1.211
14.304
-7.101
0.735
-13.732
-7.367
-1.246
-12.591
-6.831
0.719
13.447
8.423
-1.607
15.086
9.548
0.788
10.805
-7.945
-1.265
12.081
-6.913
0.673
14.331
-3.096
-1.421
15.112
-1.543
-0.473
-5.67
14.919
-1.763
-4.736
15.636
-0.904
1.067
-10.527
-1.037
1.398
-9.566
0.239
-11.9
8.852
-1.666
-10.438
10.693
0.716
-13.042
3.914
-1.516
-12.006
5.131
-0.135
1.465
-11.465
-1.208
1.968
-10.789
-0.431
8.91
8.417
-1.683
12.197
9.622
0.692
10.185
4.782
-1.622
12.275
6.415
-0.832
-3.583
11.366
-1.767
-2.964
12.199
-0.982
-9.153
8.671
-1.763
-5.891
13.758
0.648
1.637
-7.926
-1.297
10.698
-6.267
0.621
-12.52
-8.567
-1.315
0.917
-6.215
0.684
-0.239
8.463
-1.624
1.342
8.87
0.509
-10.073
3.854
-1.59
-6.423
5.784
-0.383
-2.07
1.086
-1.403
2.505
3.914
0.324
-2.984
-3.236
-1.431
0.44
-1.183
-0.269
