-16.867
-7.261
-0.047
-15.915
-6.806
0.827
-6.901
13.54
-0.21
-6.411
14.843
0.559
-7.82
11.37
-0.17
-6.681
12.723
0.661
0.829
8.375
-0.098
4.21
9.046
0.52
2.764
11.151
-0.174
3.234
11.982
0.539
-14.458
-7.296
-0.299
-13.604
-6.818
0.744
-4.66
11.471
-0.291
-3.922
12.573
0.646
2.689
13.848
-0.439
3.146
14.133
0.697
-15.214
9.047
-0.595
-14.312
10.731
0.623
-16.364
8.721
-0.61
-15.198
9.394
0.829
0.032
12.632
-0.435
2.435
13.004
0.648
-1
8.476
-0.229
0.424
9.213
0.5
13.307
9.227
-0.733
14.02
10.461
0.595
-18.274
8.729
-0.943
-17.904
9.622
0.898
-21.111
3.41
-1.523
-20.75
5.193
-0.615
-18.842
-3.276
-1.406
-18.219
-2.145
-0.857
5.92
9.736
-1.006
6.897
12.906
0.69
0.872
-12.976
-0.978
1.346
-11.809
0.631
11.91
-8.35
-1.237
13.493
-7.112
0.712
12.649
8.408
-1.419
14.306
9.823
0.758
-12.654
8.808
-1.379
-11.227
10.068
0.738
13.524
-3.086
-1.358
14.4
-1.524
-0.439
-13.888
3.882
-1.592
-12.759
5.178
-0.154
-9.675
9.029
-1.687
-8.705
9.745
-0.919
9.335
4.722
-1.576
11.657
6.4
-0.711
0.125
-11.539
-1.245
1.204
-9.222
0.572
5.3
8.354
-1.703
11.29
10.891
0.672
-10.497
3.945
-1.618
-7.239
5.608
-0.4
0.805
-8.009
-1.298
11.265
-6.241
0.651
-13.772
-8.841
-1.351
0.115
-6.082
0.708
2.215
4.386
-1.59
3.398
5.201
-0.494
-3.581
1.557
-1.523
1.096
3.621
0.308
-3.77
-3.173
-1.452
-0.287
-1.153
-0.286
