5.62
15.995
-0.042
6.031
16.847
0.798
-13.24
8.915
-0.022
-12.187
10.39
0.76
-0.251
8.484
-0.019
0.953
8.584
0.5
-19.126
8.774
-0.34
-18.605
9.621
0.913
16.397
9.076
-0.537
16.818
9.983
0.739
-7.683
13.401
-0.426
-7.243
14.793
0.454
16.053
8.368
-0.622
16.846
8.709
0.49
-8.637
11.196
-0.527
-7.381
13.38
0.676
-15.151
-7.266
-0.61
-14.262
-6.78
0.766
14.585
-7.728
-0.624
15.108
-7.374
0.259
15.547
-7.876
-1.024
16.48
-7.314
0.807
5.593
16.012
-1.109
6.038
16.845
-0.159
-19.67
-3.188
-1.478
-18.995
-1.811
-0.782
16.798
4.626
-1.573
17.565
5.828
-1.05
5.257
9.869
-1.086
6.129
13.041
0.678
11.005
-8.504
-1.19
12.667
-7.14
0.696
1.816
13.97
-1.279
2.311
14.132
0.6
11.9
8.368
-1.44
13.595
10.303
0.744
2
11.005
-1.075
2.23
11.677
0.243
-14.339
-7.235
-1.306
-10.129
-6.796
0.724
12.731
-3.124
-1.363
13.653
-1.573
-0.406
1.32
8.37
-0.876
3.262
9.209
0.511
-14.45
3.909
-1.625
-13.535
5.182
-0.176
-1.015
10.458
-1.503
-0.02
11.074
-1.023
8.57
4.703
-1.649
11.766
6.352
-0.61
-1.159
11.243
-1.835
2.137
12.991
0.644
-0.016
-8.172
-1.225
10.6
-6.282
0.63
4.018
8.31
-1.76
11
10.805
0.652
-1.78
8.349
-1.536
0.001
9.198
0.504
-9.948
-11.277
-1.291
-0.03
-6.236
0.615
0.553
5.387
-1.343
1.884
6.099
-0.754
-4.846
1.562
-1.648
2.652
5.895
0.316
-4.383
-3.112
-1.44
-1.083
-1.614
-0.314
