8.16
8.417
0.187
9.581
8.797
0.639
-4.659
-10.191
0.19
-4.051
-9.138
0.579
11.591
8.431
-0.01
13.009
9.424
0.735
8.746
9.552
-0.008
9.321
12.779
0.729
-10.188
16.609
-0.655
-8.65
17.208
0.505
-12.218
13.608
-0.726
-11.826
14.443
0.178
-14.046
8.762
-0.921
-11.523
11.559
0.758
-14.653
-7.286
-0.881
-12.86
-6.798
0.751
14.609
-8.203
-1.041
15.479
-7.117
0.781
-16.978
-7.304
-1.23
-15.788
-6.406
0.39
-15.876
8.378
-1.351
-15.219
9.846
0.833
-4.512
13.714
-1.173
-4.096
14.892
0.55
-18.867
3.446
-1.565
-18.344
5.331
-0.288
-16.663
-3.371
-1.397
-15.847
-1.797
-0.741
-13.64
-7.334
-1.267
-12.874
-6.768
-0.009
12.443
-7.832
-1.233
13.544
-6.926
0.437
15.921
-3.089
-1.395
16.781
-1.543
-0.533
5.294
13.973
-1.37
5.759
14.135
0.087
5.04
10.451
-1.315
5.633
11.963
0.651
-10.867
12.473
-1.755
-10.243
13.263
-0.333
-10.232
8.851
-1.513
-8.935
10.55
0.68
-4.519
14.371
-1.776
-3.139
15.956
-0.569
1.305
12.053
-1.617
1.677
12.864
0.631
-11.756
3.936
-1.582
-10.429
5.14
-0.164
4.016
8.432
-1.339
6.411
9.215
0.558
3.269
11.057
-1.74
5.477
13.006
0.669
-2.197
11.476
-1.738
-1.595
12.39
0.614
3.213
-7.993
-1.3
12.039
-6.282
0.666
-7.271
8.853
-1.763
-4.266
13.203
0.625
1.314
8.395
-1.656
3.451
9.473
0.523
-12.435
-7.904
-1.347
2.286
-6.254
0.676
-8.785
3.87
-1.576
-4.794
5.722
-0.357
-1.733
-7.273
-2.535
-0.441
-6.88
-1.829
0.626
1.622
-1.504
5.676
3.956
0.362
-1.478
-3.258
-1.305
2.096
-1.451
-0.263
