2.958
16.072
0.181
3.735
16.577
0.781
-1.857
8.347
-0.02
-0.592
8.662
0.507
-11.908
9.575
-0.397
-11.238
10.124
0.183
14.823
9.728
-0.609
15.256
10.564
0.39
11.337
10.375
-0.499
11.87
11.107
0.649
14.327
8.267
-0.848
15.331
8.736
0.782
4.243
-14.994
-0.951
5.304
-14.703
-0.298
13.865
-7.961
-0.993
14.828
-7.473
0.761
2.757
16.065
-1.28
4.488
17.115
0.794
-15.873
-7.093
-1.341
-14.175
-6.721
0.781
4.046
10.23
-1.08
4.491
12.781
0.653
-14.153
-7.146
-1.31
-11.878
-6.941
0.732
12.356
-7.878
-1.232
13.521
-7.254
0.721
15.286
4.645
-1.501
15.823
5.528
-1.123
6.765
11.691
-1.225
7.464
12.076
-0.332
9.969
8.291
-1.558
12.086
10.23
0.725
-3.268
11.573
-1.285
0.124
12.984
0.653
1.814
-10.65
-1.083
2.453
-9.753
-0.338
10.992
-3.223
-1.396
12.073
-1.622
-0.402
-10.021
9.694
-1.894
-8.453
15.353
0.619
-2.848
10.537
-1.56
-1.976
11.345
-0.792
-7.18
11.511
-1.907
-6.187
14.98
0.698
2.032
11.531
-1.842
2.796
12.739
-0.977
-0.116
8.369
-1.301
1.551
9.294
0.5
7.024
4.624
-1.633
11.183
6.252
-0.535
-3.399
8.387
-1.638
-1.893
9.374
0.52
-11.517
-9.878
-1.303
-2.192
-6.138
0.656
-1.723
-8.629
-1.278
11.562
-6.337
0.664
1.645
8.307
-1.731
9.973
11.243
0.612
-0.715
5.433
-1.228
0.487
6.085
-0.498
-6.149
-1.889
-1.425
-4.951
-1.693
-0.742
-2.52
4.328
-1.633
1.111
5.757
-0.517
-7.888
1.596
-1.559
-3.237
3.748
0.286
-4.908
-3.251
-1.451
-2.703
-1.73
-0.281
