8.801
-9.281
-0.06
9.16
-8.593
0.646
0.74
19.729
-0.693
1.533
20.267
0.27
15.306
-12.263
-0.692
16.247
-11.43
0.891
9.683
10.412
-0.531
10.146
11.036
0.713
13.26
8.869
-0.747
13.698
10.749
0.779
17.893
-8.304
-1.039
18.654
-7.674
0.887
12.774
8.148
-0.891
14.448
8.91
0.751
2.431
-15.249
-0.919
3.136
-14.793
-0.289
-17.224
-6.998
-1.253
-16.342
-6.651
0.063
14.288
-8.042
-1.148
15.393
-7.608
0.784
0.849
16.138
-1.268
3.009
17.113
0.783
-13.515
9.419
-1.304
-12.772
10.467
0.259
2.531
11.511
-1.016
2.95
12.704
0.633
12.042
-8.057
-1.184
13.183
-7.322
0.712
-16.505
9.055
-1.853
-15.458
10.571
0.727
13.68
4.321
-1.562
14.664
5.884
-1.014
-4.96
10.919
-1.228
-2.029
12.81
0.654
5.267
11.476
-1.408
6.007
12.437
0.103
8.436
8.205
-1.474
10.557
10.446
0.671
0.027
-10.675
-1.132
0.725
-9.777
-0.194
-13.444
9.162
-1.969
-10.21
15.081
0.567
-4.888
8.487
-1.309
-2.008
9.883
0.543
-8.714
11.569
-1.942
-7.452
13.789
0.7
9.392
-3.305
-1.345
10.739
-1.732
-0.327
-13.229
-9.575
-1.356
-4.028
-6.148
0.702
-3.422
-8.853
-1.297
12.078
-6.35
0.675
-1.762
8.2
-1.826
8.216
11.605
0.574
5.463
4.575
-1.652
9.736
6.301
-0.473
-10.447
1.632
-1.603
-6.352
3.697
0.144
-6.45
-3.231
-1.443
-4.374
-1.704
-0.364
-4.063
4.384
-1.682
-0.342
6.065
-0.491
