-6.291
8.516
-0.067
-5.312
8.603
0.5
8.306
14.864
-0.484
9.036
15.74
0.48
-3.636
20.077
-0.587
-2.767
20.28
0.271
6.64
10.39
-0.432
6.975
10.957
0.644
10.385
-13.317
-0.756
12.076
-12.318
0.792
11.811
-9.679
-0.755
12.128
-8.507
0.731
-3.203
11.052
-0.632
-3.114
11.922
0.244
6.144
-12.804
-0.759
6.594
-11.871
0.014
14.108
-8.534
-1.178
15.621
-7.844
0.789
9.875
8.652
-1.022
10.582
11.671
0.702
2.198
15.692
-1.177
2.834
16.162
-0.023
-16.683
9.531
-1.429
-16.015
10.298
0.268
12.827
-8.597
-1.167
14.07
-8.283
0.755
5.464
11.672
-1.001
6.397
12.377
0.66
-8.066
8.525
-1.026
-6.268
9.959
0.608
-14.65
11.411
-1.859
-13.729
14.484
0.268
-2.787
-13
-1.259
-2.354
-11.809
0.651
-14.995
4.346
-1.731
-14.396
5.919
-0.681
8.74
7.896
-1.566
14.637
9.078
0.765
-3.681
13.975
-1.639
-3
14.792
0.608
-3.414
-11.377
-1.168
-2.63
-10.049
0.604
-13.783
1.79
-1.646
-12.801
3.674
-0.141
10.488
4.135
-1.529
12.456
5.711
-0.6
5.245
8.069
-1.497
7.619
10.682
0.62
-8.12
10.514
-1.656
-6.236
12.86
0.714
2.124
11.205
-1.634
2.755
12.396
0.245
-14.779
-9.015
-1.445
-7.522
-6.193
0.755
-8.848
-3.189
-1.527
-7.721
-1.729
-0.413
-6.804
-9.968
-1.383
12.181
-6.306
0.687
-5.149
8.17
-1.707
4.348
10.404
0.566
6.063
-3.371
-1.392
8.09
-1.803
-0.274
-7.015
4.473
-1.637
-3.476
6.182
-0.548
2.327
4.459
-1.585
6.725
6.142
-0.433
