15.001
-7.886
-0.038
15.627
-7.329
0.785
12.186
10.385
-0.224
12.48
11.139
0.666
-13.948
9.026
-0.232
-13.213
10.336
0.779
-16.114
-7.156
-0.248
-15.343
-6.738
0.599
-5.604
13.616
-0.383
-5.462
14.567
0.551
15.628
9.045
-0.619
16.024
10.267
0.397
-9.146
11.446
-0.5
-7.871
14.948
0.692
15.114
8.309
-0.687
16.003
8.685
0.812
-22.533
3.716
-1.482
-22.388
4.8
-0.676
14.856
-7.906
-1.051
15.631
-7.446
0.073
4.119
15.957
-1.198
5.261
16.837
0.69
13.086
-7.82
-1.244
14.366
-7.157
0.745
4.42
9.934
-1.065
5.34
12.831
0.668
16.071
4.517
-1.604
16.913
5.985
-1.009
1.012
13.993
-1.272
1.478
14.237
0.35
-5.594
13.623
-1.493
-5.472
14.561
-0.559
-15.21
4.017
-1.495
-14.388
5.117
-0.194
-15.184
-7.172
-1.284
-11.084
-6.765
0.75
11.109
8.318
-1.446
12.887
10.336
0.724
11.857
-3.188
-1.375
12.969
-1.607
-0.374
-1.963
10.47
-1.373
-0.799
10.975
-0.816
-2.318
11.272
-1.589
0.885
12.94
0.647
-6.457
11.489
-1.858
-5.397
13.211
0.68
7.778
4.686
-1.64
11.905
6.336
-0.573
2.845
8.332
-1.754
10.818
10.925
0.631
-0.854
-8.55
-1.273
11.847
-6.259
0.669
-2.584
8.408
-1.685
2.896
9.362
0.525
-10.782
-10.42
-1.29
-1.151
-6.056
0.632
-1.788
4.401
-1.625
1.877
6.093
-0.462
-6.328
1.645
-1.552
-1.428
3.754
0.317
-4.546
-3.225
-1.42
-1.905
-1.711
-0.272
