-1.928
-10.744
0.309
-1.276
-9.852
0.573
-13.502
7.532
0.255
-13.295
8.584
0.746
-18.078
-7.01
-0.29
-16.996
-6.543
0.845
17.052
-8.187
-0.529
17.778
-7.235
0.853
13.793
8.366
-0.627
15.101
9.337
0.791
-6.091
10.006
-0.368
-4.794
10.354
0.609
11.13
9.302
-0.923
11.589
11.821
0.763
18.257
-3.202
-1.178
18.906
-1.655
-0.396
10.247
8.196
-0.877
11.993
8.959
0.694
-7.927
8.844
-1.047
-6.075
10.609
0.63
10.481
-7.707
-1.129
14.032
-6.836
0.715
-14.792
-7.23
-1.462
-13.204
-6.294
0.752
-8.407
12.641
-1.56
-7.484
13.96
-0.394
-16.694
3.538
-1.771
-15.984
5.494
-0.328
-14.45
-3.214
-1.584
-13.498
-1.67
-0.795
7.015
9.673
-1.658
8.002
12.129
0.653
-13.6
8.5
-1.907
-12.573
10.218
0.757
-2.044
14.44
-1.886
-0.794
15.744
-0.855
-11.692
8.835
-1.848
-8.965
11.854
0.702
5.535
-8.041
-1.194
10.54
-6.348
0.627
3.672
10.589
-1.801
4.829
13.104
0.669
-1.617
11.491
-1.721
0.779
12.19
0.603
-3.891
11.168
-1.848
-1.841
12.666
0.607
7.802
1.934
-1.424
10.198
2.641
0.191
-10.253
3.968
-1.708
-8.063
5.255
-0.232
3.662
8.264
-1.707
8.726
9.847
0.609
-4.914
8.99
-1.811
-2.111
10.706
0.19
-13.05
-7.837
-1.421
4.306
-6.241
0.687
-3.761
-4.151
-1.108
-3.601
-4.001
0.359
4.238
4.45
-1.599
6.542
6.018
-0.555
5.061
1.768
-1.514
7.873
3.983
0.23
-6.853
3.916
-1.682
-2.516
5.706
-0.421
0.869
-3.229
-1.387
4.281
-1.654
-0.213
