-18.721
9.758
-0.089
-18.203
10.416
0.526
13.339
8.119
-0.217
14.115
8.499
0.652
-5.848
8.472
-0.117
-4.43
8.716
0.493
9.32
15.038
-0.601
9.943
15.433
0.481
-2.68
19.775
-0.702
-1.27
20.416
0.271
-18.412
9.556
-0.731
-18.208
10.417
-0.086
7.432
10.445
-0.455
7.771
11.009
0.661
11.328
-12.698
-0.657
13.241
-12.213
0.816
12.689
-9.589
-0.605
12.972
-8.516
0.75
13.926
7.927
-1.02
15.392
8.461
0.786
15.025
-8.476
-1.12
16.443
-7.78
0.812
10.776
8.759
-0.959
11.336
11.421
0.746
-1.95
-12.562
-0.8
-1.683
-11.774
0.397
-1.216
16.208
-1.236
-0.248
17.047
0.26
6.521
11.717
-1.041
7.113
11.902
0.673
-15.886
9.531
-1.51
-15.099
10.331
0.266
-18.574
9.651
-1.711
-18.227
10.387
-0.843
-10.681
11.615
-1.44
-10.149
12.104
0.568
-2.797
13.934
-1.386
-2.215
14.646
0.537
-6.765
10.983
-1.24
-6.005
11.885
-0.831
-7.251
8.476
-1.041
-5.868
9.946
0.588
9.734
7.957
-1.554
14.248
8.965
0.718
-13.917
10.281
-1.952
-12.872
14.561
0.265
-2.614
-10.489
-1.091
-2.317
-9.394
0.547
11.238
4.15
-1.518
13.037
5.748
-0.643
-14.053
4.381
-1.776
-13.479
5.91
-0.721
5.983
8.092
-1.546
8.43
10.669
0.636
-7.332
11.234
-1.686
-5.388
13.26
0.713
2.904
11.194
-1.661
3.571
12.437
0.187
-12.233
1.786
-1.658
-11.249
3.711
0.107
-14.903
-9.029
-1.467
-6.672
-6.225
0.727
-6.029
-9.401
-1.373
12.989
-6.343
0.713
6.854
-3.331
-1.374
8.344
-1.791
-0.264
-4.63
8.185
-1.75
5.191
10.281
0.551
-7.928
-3.184
-1.529
-6.829
-1.52
-0.601
3.111
4.441
-1.598
7.447
6.162
-0.461
-6.353
4.432
-1.68
-2.702
6.026
-0.575
