18.807
-8.213
-0.337
19.364
-7.602
0.522
-15.504
9.19
-0.379
-14.536
10.348
0.822
16.727
-12.061
-0.455
17.054
-11.253
0.523
15.119
-8.137
-0.574
16.079
-7.547
0.808
10.506
10.119
-0.557
10.931
11.068
0.721
14.043
8.915
-0.765
14.464
10.6
0.383
13.479
8.219
-0.827
14.63
8.553
0.768
1.668
19.723
-1.029
2.374
20.195
-0.075
-16.665
-7.046
-1.292
-15.162
-6.681
0.798
-14.784
-7.104
-1.171
-12.752
-6.898
0.738
1.544
16.209
-1.376
3.75
17.112
0.788
12.772
-7.966
-1.195
14.043
-7.313
0.737
6.054
11.606
-1.239
6.644
12.504
0.1
3.041
11.275
-1.115
3.725
12.826
0.652
14.49
4.4
-1.558
15.298
5.915
-1.068
-4.203
11.675
-1.326
-0.894
12.813
0.654
-12.765
9.349
-1.702
-11.683
10.389
0.452
0.803
-10.652
-1.092
1.561
-9.876
-0.503
9.167
8.259
-1.496
11.317
10.621
0.701
-3.656
10.545
-1.224
-2.84
11.832
-0.729
-11.895
9.425
-1.684
-10.535
10.197
-0.543
-10.863
9.339
-1.783
-9.45
15.105
0.73
-8.003
11.468
-1.765
-6.982
14.599
0.687
10.185
-3.258
-1.398
11.52
-1.686
-0.313
1.024
11.785
-1.674
1.773
12.798
-1.045
-12.347
-9.581
-1.335
-3.163
-6.145
0.677
6.259
4.644
-1.58
10.485
6.214
-0.501
-4.154
8.253
-1.676
9.083
11.725
0.593
-2.565
-8.65
-1.313
12.726
-6.307
0.699
-6.735
-1.892
-1.432
-5.443
-1.693
-0.687
-9.148
1.467
-1.539
-4.774
3.737
0.227
-5.423
-3.235
-1.439
-3.539
-1.717
-0.31
-3.249
4.338
-1.578
0.39
6.063
-0.504
