-0.22
-12.571
0.109
0.478
-12.209
0.634
-17.175
-7.298
-0.262
-16.201
-6.673
0.827
1.722
-17.028
-0.238
3.617
-16.527
0.795
-14.968
-6.916
-0.301
-13.8
-6.755
0.751
8.737
-17.843
-0.55
9.126
-16.969
0.875
14.35
7.737
-0.561
15.72
8.265
0.785
9.282
-12.474
-0.692
10.08
-12.235
0.745
4.187
10.497
-0.504
4.55
10.91
0.607
-1.34
-12.682
-0.575
-0.629
-12.284
0.636
7.898
-13.3
-0.742
8.471
-12.41
0.726
16.667
-10.007
-1.017
17.632
-9.457
0.874
9.345
-10.476
-0.752
9.737
-8.73
0.681
-16.935
11.491
-1.46
-16.149
13.103
0.271
-15.102
-6.918
-1.091
-14.229
-6.772
-0.136
-2.029
12.991
-1.023
-1.697
13.62
0.017
-6.5
13.997
-1.314
-5.578
14.104
0.561
0.299
-11.733
-0.809
2.111
-10.132
0.374
-10.465
8.565
-1.206
-9.003
9.947
0.668
-18.282
1.796
-1.718
-17.804
3.545
-0.173
10.147
-8.595
-1.199
13.256
-7.868
0.727
3.227
7.99
-0.891
5.228
10.398
0.536
-17.428
4.365
-1.783
-16.826
5.884
-0.694
13.189
4.005
-1.512
14.094
4.787
-0.946
-2.725
-9.067
-0.87
-2.376
-8.295
-0.08
-14.41
-8.262
-1.434
-10.072
-6.234
0.726
6.726
8.718
-1.623
8.134
12.629
0.631
-9.931
10.233
-1.705
-8.766
11.097
-1.152
-9.284
-7.785
-1.368
-7.552
-7.463
0.612
-2.32
10.014
-1.368
-1.698
11.175
0.373
-5.705
10.635
-1.604
-5.431
11.961
0.638
1.967
11.418
-1.66
4.195
12.611
0.645
-11.395
-3.206
-1.507
-10.037
-1.712
-0.448
6.201
7.735
-1.651
13.789
9.082
0.737
1.522
8.801
-1.321
2.232
8.927
-0.309
1.637
9.302
-1.403
2.43
9.899
-0.359
8.045
4.055
-1.569
11.288
5.699
-0.373
-7.245
-10.892
-1.366
9.726
-6.295
0.625
-7.695
8.148
-1.785
1.868
10.573
0.598
-7.965
4.483
-1.697
-5.872
6.039
-0.604
3.624
-3.38
-1.421
7.119
-1.805
-0.279
-0.023
4.452
-1.635
4.322
6.162
-0.471
