11.706
-12.236
-0.03
11.969
-11.5
0.785
-7.475
8.518
-0.024
-6.141
8.613
0.581
16.087
7.748
-0.378
17.003
8.251
0.713
-15.495
-7.243
-0.517
-14.464
-6.646
0.773
5.832
10.505
-0.41
6.171
10.895
0.631
1.584
9.176
-0.304
2.052
10.129
0.473
9.556
-13.326
-0.768
10.9
-12.391
0.767
10.986
-9.836
-0.715
11.31
-8.645
0.709
-8.978
11.849
-0.88
-7.973
12.838
0.723
-4.064
10.94
-0.848
-3.897
11.945
0.619
-15.333
11.472
-1.553
-14.572
14.251
0.27
11.835
-8.563
-1.229
14.786
-7.855
0.774
-8.836
8.242
-1.036
-7.457
10.002
0.624
-0.754
10.229
-1.056
-0.109
10.89
0.454
-4.591
13.985
-1.525
-3.803
14.848
0.615
-15.789
4.37
-1.723
-15.109
5.988
-0.72
-15.145
1.816
-1.661
-14.462
3.645
-0.105
-4.125
-12.007
-1.254
-3.368
-9.917
0.633
7.831
7.84
-1.578
14.824
11.612
0.753
-8.526
10.515
-1.66
-7.082
11.487
-0.745
-14.375
-8.874
-1.45
-8.406
-6.222
0.717
4.401
8.064
-1.487
7.101
10.771
0.604
4.342
11.418
-1.677
5.803
12.415
0.655
9.667
4.109
-1.53
12.034
5.837
-0.497
-9.714
-3.211
-1.52
-8.47
-1.688
-0.415
-6.296
8.18
-1.716
3.472
10.533
0.572
-7.735
-9.594
-1.398
11.452
-6.2
0.667
5.249
-3.401
-1.402
7.579
-1.825
-0.298
-7.366
4.49
-1.648
-4.276
6.049
-0.534
1.513
4.452
-1.579
5.873
6.168
-0.445
