8.474 8.533 0.616
8.335 8.526 0.61199999
8.1809998 8.5279999 0.60900003
8.0369997 8.5100002 0.60500002
7.9029999 8.5270004 0.602
7.8099999 8.5880003 0.602
7.8709998 8.7930002 0.60799998
8.7019997 9.9130001 0.65499997
8.7159996 10.087 0.66000003
8.7259998 10.294 0.66500002
7.1459999 8.559 0.58600003
8.7440004 10.685 0.676
6.8759999 8.5579996 0.57999998
6.7620001 8.552 0.57800001
6.6430001 8.566 0.57599998
8.7510004 11.484 0.69700003
8.743 11.7 0.70300001
6.2979999 8.5559998 0.56800002
6.1830001 8.5679998 0.56599998
6.0609999 8.5670004 0.56400001
5.9489999 8.5500002 0.56099999
5.8299999 8.5500002 0.55900002
8.5190001 12.728 0.727
8.4139996 12.831 0.72799999
10.793 16.76 0.88300002
5.4000001 8.5380001 0.551
5.3119998 8.5769997 0.55000001
5.2199998 8.5769997 0.54900002
5.1030002 8.566 0.546
5.0229998 8.5830002 0.54500002
4.9070001 8.5690002 0.54299998
4.822 8.5760002 0.542
4.7119999 8.5679998 0.54000002
4.612 8.5749998 0.53799999
4.527 8.5799999 0.537
4.441 8.6110001 0.537
4.448 8.7939997 0.542
4.4400001 8.9899998 0.54799998
4.4369998 9.2030001 0.55500001
4.4419999 9.4020004 0.56099999
4.4310002 9.6120005 0.56699997
4.4569998 9.875 0.57499999
5.612 12.77 0.68099999
5.4949999 12.775 0.67900002
5.3569999 12.785 0.67799997
5.2150002 12.782 0.676
5.0939999 12.772 0.67400002
4.7259998 12.292 0.65399998
4.612 12.284 0.653
4.4330001 12.152 0.64700001
4.4569998 12.525 0.65899998
4.454 12.903 0.671
4.4650002 13.272 0.68300003
4.4619999 13.691 0.69599998
4.4510002 14.111 0.70899999
4.4640002 14.552 0.72399998
4.4559999 15.033 0.73900002
4.4749999 15.546 0.75599998
4.4710002 16.106001 0.77399999
4.5120001 16.768 0.796
4.5970001 17.752001 0.829
4.5900002 18.443001 0.852
4.6110001 19.172001 0.87599999
4.6020002 19.966999 0.90200001
4.6220002 20.805 0.93000001
4.6069999 21.704 0.95899999
4.6170001 22.629 0.99000001
4.6110001 24.577 1.0549999
4.7189999 29.209 1.21
4.4400001 29.232 1.209
4.1589999 29.235001 1.2079999
3.928 29.254999 1.207
1.451 11.513 0.602
1.359 11.512 0.60100001
1.25 11.518 0.60100001
1.142 11.537 0.60100001
1.049 11.518 0.60000002
0.94 11.517 0.60000002
0.84899998 11.515 0.60000002
0.74000001 11.522 0.60000002
0.64899999 11.521 0.59899998
0.54100001 11.531 0.59899998
0.43099999 11.516 0.59899998
0.34099999 11.529 0.59899998
0.233 11.527 0.59899998
0.142 11.521 0.59899998
0.033 11.532 0.59899998
8.3940001 8.4919996 0.537
8.2539997 8.4829998 0.53399998
8.1129999 8.4969997 0.53100002
7.9530001 8.5159998 0.52899998
7.9590001 8.684 0.53200001
8.0109997 8.9069996 0.53799999
8.7010002 9.8249998 0.56900001
8.7040005 10.016 0.57300001
8.7200003 10.195 0.57700002
7.1329999 8.5080004 0.514
7.02 8.5080004 0.51200002
6.888 8.5100002 0.509
6.7659998 8.5229998 0.50800002
6.651 8.5150003 0.50599998
8.7370005 11.39 0.60299999
6.4260001 8.526 0.50199997
8.7370005 11.808 0.61199999
6.1900001 8.5170002 0.498
6.0770001 8.5290003 0.49599999
5.8470001 8.5139999 0.49200001
8.5620003 12.7 0.62900001
8.427 12.716 0.62800002
9.1309996 14.059 0.66900003
8.9759998 14.061 0.667
5.3169999 8.5240002 0.48500001
5.2150002 8.5380001 0.484
5.1199999 8.5340004 0.48199999
5.013 8.5380001 0.48100001
4.921 8.533 0.479
4.822 8.5459995 0.47799999
4.717 8.5480003 0.477
4.6290002 8.5480003 0.47600001
4.533 8.5609999 0.47499999
4.4530001 8.573 0.47400001
4.4499998 8.7679996 0.479
4.4559999 8.9510002 0.48300001
4.454 9.1610003 0.48899999
4.4489999 9.3739996 0.49399999
4.382 9.4230003 0.49399999
4.4530001 9.8149996 0.505
5.6729999 12.75 0.59200001
5.5339999 12.761 0.59100002
5.414 12.758 0.58899999
5.277 12.768 0.588
4.388 10.917 0.53200001
5.0170002 12.76 0.58499998
4.6500001 12.281 0.56900001
4.5440001 12.292 0.56900001
4.4580002 12.417 0.57099998
4.4720001 12.769 0.57999998
4.467 13.147 0.58999997
4.4580002 13.466 0.59799999
4.4650002 13.924 0.61000001
4.4510002 14.34 0.62099999
4.4829998 14.853 0.63499999
4.4780002 15.355 0.648
4.4889998 15.853 0.66100001
4.4879999 16.434 0.67699999
4.4689999 16.879999 0.68800002
4.625 18.153999 0.72299999
4.6090002 18.829 0.741
4.6300001 19.573 0.76099998
4.6160002 20.364 0.78200001
4.6430001 21.250999 0.80599999
4.6240001 22.159 0.83099997
4.645 23.162001 0.85799998
4.631 24.271 0.88800001
4.5809999 25.299 0.91500002
4.5320001 29.165001 1.02
4.289 29.43 1.026
4.0079999 29.440001 1.025
1.459 11.514 0.528
1.349 11.511 0.52700001
1.257 11.512 0.52700001
1.147 11.505 0.52600002
1.057 11.518 0.52600002
0.94700003 11.513 0.52600002
0.83899999 11.52 0.52600002
0.74800003 11.52 0.52600002
0.639 11.522 0.52600002
0.54799998 11.529 0.52600002
0.43900001 11.52 0.52499998
0.34900001 11.521 0.52499998
0.23999999 11.524 0.52499998
0.131 11.519 0.52499998
0.041000001 11.52 0.52499998
8.4940004 8.5179996 0.48199999
8.3450003 8.5270004 0.47999999
8.2119999 8.5249996 0.47799999
8.052 8.5170002 0.47499999
7.9349999 8.526 0.47400001
7.7989998 8.54 0.472
8.0550003 8.9899998 0.48300001
8.7379999 9.9130001 0.509
8.7399998 10.105 0.51300001
8.7550001 10.285 0.51599997
8.7559996 10.485 0.51899999
8.7749996 10.678 0.523
8.7709999 10.881 0.52700001
8.7670002 11.089 0.52999997
8.7799997 11.287 0.53399998
8.7690001 11.495 0.53799999
8.783 11.703 0.542
8.7700005 11.919 0.54500002
8.7790003 12.13 0.54900002
8.6160002 12.144 0.54699999
11.245 16.186001 0.65700001
11.051 16.176001 0.65399998
8.5349998 12.739 0.55800003
8.4519997 12.832 0.55800003
9.092 14.096 0.58999997
5.427 8.5410004 0.43900001
5.3330002 8.5699997 0.43799999
5.2280002 8.5799999 0.43700001
5.1329999 8.5749998 0.43599999
5.0310001 8.5880003 0.435
4.9330001 8.573 0.43399999
4.835 8.5900002 0.433
4.7309999 8.5930004 0.43200001
4.6409998 8.5880003 0.43099999
4.54 8.5939999 0.43000001
4.4860001 8.6560001 0.43000001
4.4710002 8.8299999 0.43399999
4.4879999 9.0410004 0.43799999
4.48 9.243 0.442
4.474 9.4580002 0.447
4.415 9.526 0.447
4.4770002 9.9060001 0.456
5.6630001 12.815 0.52700001
5.5100002 12.794 0.52600002
4.4959998 10.751 0.47400001
4.487 11.023 0.479
4.4780002 11.358 0.486
4.4990001 11.738 0.495
4.6110001 12.32 0.50800002
4.4640002 12.278 0.50599998
4.474 12.678 0.514
4.4959998 13.071 0.523
4.5279999 13.581 0.53399998
4.4949999 13.845 0.54000002
5.375 17.121 0.61699998
4.4809999 14.663 0.55699998
4.48 15.172 0.56900001
4.4699998 15.685 0.57999998
4.5 16.277 0.59299999
4.4879999 16.856001 0.60600001
5.441 21.125 0.70499998
5.2210002 21.094 0.70300001
4.6560001 19.729 0.67000002
4.6199999 20.438999 0.68599999
4.652 21.365999 0.70599997
4.6360002 22.309 0.727
4.619 23.334999 0.75
4.6440001 24.471001 0.77600002
5.8390002 33.707001 0.98699999
5.5689998 33.720001 0.98699999
4.5489998 29.233999 0.88200003
4.3439999 29.434999 0.88599998
4.0689998 29.495001 0.88599998
1.517 11.55 0.47400001
1.409 11.567 0.47400001
1.298 11.566 0.47299999
1.204 11.548 0.47299999
1.095 11.557 0.47299999
1.003 11.551 0.472
0.89300001 11.544 0.472
0.80199999 11.549 0.472
0.69300002 11.546 0.472
0.58399999 11.556 0.472
0.493 11.556 0.472
0.384 11.565 0.472
0.294 11.569 0.472
0.184 11.561 0.472
0.075000003 11.567 0.472
8.4610004 8.4840002 0.38999999
8.3100004 8.4910002 0.38800001
8.158 8.4949999 0.38699999
7.9790001 8.4940004 0.38499999
7.8499999 8.5159998 0.384
8.0319996 8.8509998 0.38999999
8.7119999 9.7810001 0.40700001
8.7220001 9.948 0.40900001
8.724 10.14 0.41100001
8.7550001 10.339 0.414
8.7480001 10.53 0.41600001
8.7360001 10.719 0.41800001
8.7530003 10.914 0.421
8.7489996 11.121 0.42300001
8.7629995 11.321 0.42500001
8.6020002 11.331 0.42399999
8.4510002 11.317 0.42300001
8.3129997 11.354 0.42199999
8.4029999 11.706 0.42699999
6.0190001 8.5380001 0.36700001
5.8920002 8.5270004 0.36500001
8.5769997 12.687 0.44100001
8.4259996 12.721 0.44
9.1470003 14.044 0.463
5.4239998 8.5209999 0.361
5.3210001 8.5360003 0.361
5.2290001 8.5369997 0.36000001
5.1199999 8.5389996 0.359
5.027 8.5360003 0.35800001
4.9239998 8.5430002 0.35800001
4.8319998 8.5380001 0.35699999
4.7309999 8.5469999 0.35600001
4.6290002 8.552 0.35600001
4.5450001 8.5570002 0.35499999
4.461 8.5939999 0.35499999
4.4720001 8.7819996 0.35800001
4.4689999 8.9840002 0.36000001
4.4809999 9.1859999 0.36300001
4.473 9.3940001 0.366
4.5430002 9.7740002 0.37200001
4.4780002 9.835 0.37200001
5.6729999 12.76 0.41999999
5.5500002 12.753 0.419
5.4089999 12.755 0.41800001
4.4790001 10.807 0.38600001
4.4679999 11.073 0.389
4.4720001 11.39 0.39399999
4.5739999 11.921 0.40200001
4.5739999 12.263 0.40700001
4.4780002 12.302 0.40700001
4.4770002 12.666 0.412
4.4910002 13.028 0.417
4.533 13.561 0.42500001
5.4520001 16.816 0.477
5.309 16.823999 0.47600001
5.138 16.834999 0.47499999
4.7550001 16.035999 0.46200001
4.5960002 16.052999 0.46200001
4.5009999 16.198 0.463
4.4970002 16.792 0.472
5.0209999 19.466 0.514
4.6620002 18.687 0.50099999
4.6479998 19.402 0.51099998
5.5209999 23.844 0.57999998
5.2090001 23.861 0.579
4.9829998 23.715 0.57599998
4.651 23.224001 0.56800002
6.3889999 33.766998 0.73000002
6.0630002 33.787998 0.73000002
5.7389998 33.812 0.72899997
4.7129998 29.176001 0.65700001
4.434 29.191999 0.65700001
4.2340002 29.429001 0.66000003
3.9549999 29.454 0.66000003
1.4450001 11.572 0.38499999
1.346 11.669 0.38600001
1.279 12.077 0.39199999
1.284 13.089 0.40799999
1.216 13.712 0.417
1.104 13.672 0.41600001
0.97399998 13.663 0.41600001
0.83899999 13.574 0.41499999
0.72899997 13.525 0.414
0.60000002 13.483 0.41299999
0.49200001 13.441 0.412
0.36500001 13.419 0.412
0.25799999 13.376 0.41100001
0.132 13.338 0.41100001
0.0060000001 13.306 0.41
8.3889999 8.5150003 0.32800001
8.25 8.5059996 0.32699999
8.0979996 8.5080004 0.32600001
7.973 8.5100002 0.32499999
7.8249998 8.5109997 0.324
8.0459995 8.8909998 0.32800001
8.5830002 9.6700001 0.338
8.7119999 10.004 0.34099999
8.7250004 10.18 0.34299999
8.7259998 10.378 0.34400001
8.75 10.574 0.34599999
8.7489996 10.779 0.34799999
8.7629995 10.971 0.34900001
8.7480001 11.167 0.35100001
8.6969995 11.32 0.352
8.5550003 11.318 0.35100001
8.3889999 11.319 0.34999999
8.3079996 11.396 0.34999999
8.3170004 11.637 0.352
8.3299999 11.853 0.354
11.102 16.132 0.405
8.5769997 12.708 0.36199999
8.4309998 12.706 0.361
9.1350002 14.058 0.377
8.9770002 14.055 0.37599999
5.3610001 8.5500002 0.30899999
5.2680001 8.5509996 0.30899999
5.1599998 8.5539999 0.308
5.059 8.5690002 0.308
4.9569998 8.5480003 0.30700001
4.855 8.5559998 0.30700001
4.7690001 8.5609999 0.30599999
4.6700001 8.5719995 0.30599999
4.5819998 8.5699997 0.30500001
4.4780002 8.5679998 0.30500001
4.448 8.7110004 0.30599999
4.4510002 8.8889999 0.308
4.448 9.0979996 0.31
4.4549999 9.2969999 0.31099999
4.461 9.54 0.31400001
4.448 9.7110004 0.315
5.6799998 12.736 0.34799999
5.5380001 12.74 0.34799999
4.461 10.473 0.322
4.454 10.738 0.32499999
5.151 12.713 0.34599999
5.02 12.733 0.34599999
4.6810002 12.264 0.34
4.553 12.274 0.34
4.454 12.364 0.34
4.4629998 12.702 0.34299999
4.4569998 13.079 0.347
4.4510002 13.408 0.34999999
5.401 16.819 0.38600001
5.256 16.820999 0.38499999
5.0840001 16.826 0.38499999
4.6900001 16.061001 0.37599999
4.5619998 16.091 0.37599999
4.4850001 16.410999 0.37900001
4.4910002 16.957001 0.38499999
6.0630002 23.84 0.456
5.8600001 23.823 0.45500001
4.6500001 19.683001 0.412
4.6020002 20.487 0.419
5.0209999 23.398001 0.449
4.8829999 23.854 0.45300001
4.6069999 23.834 0.45300001
6.2199998 33.952999 0.55599999
7.573 43.292 0.65100002
5.638 34.084999 0.55599999
4.5949998 29.181 0.50599998
4.348 29.413 0.50800002
4.1170001 29.445999 0.50800002
3.836 29.458 0.50700003
1.418 11.625 0.32600001
1.336 11.714 0.32600001
1.267 12.135 0.331
1.272 13.212 0.34099999
1.2460001 14.381 0.35299999
1.132 14.377 0.35299999
0.99599999 14.383 0.35299999
0.86000001 14.38 0.35299999
0.74699998 14.39 0.35299999
0.611 14.392 0.35299999
0.49700001 14.373 0.35299999
0.36199999 14.387 0.35299999
0.226 14.385 0.35299999
0.113 14.381 0.35299999
8.3389997 8.4580002 0.244
8.1999998 8.448 0.244
8.0570002 8.46 0.244
7.9840002 8.5430002 0.244
8.0019999 8.698 0.244
8.007 8.8690004 0.244
8.691 9.7770004 0.248
8.6949997 9.9680004 0.248
8.71 10.145 0.249
8.5389996 10.138 0.249
8.717 10.547 0.25
8.7290001 10.732 0.25
8.7209997 10.931 0.25099999
8.7399998 11.132 0.25099999
8.6420002 11.224 0.25099999
8.5310001 11.261 0.25099999
8.3649998 11.262 0.25099999
8.2849998 11.376 0.25099999
8.2980003 11.584 0.252
8.2969999 11.815 0.252
11.118 16.084 0.26800001
8.566 12.655 0.255
8.4239998 12.659 0.255
9.1339998 14.006 0.25999999
8.9510002 14.012 0.259
5.3239999 8.5 0.23800001
5.21 8.4949999 0.23800001
5.1170001 8.493 0.23800001
5.0149999 8.5050001 0.23800001
4.9190001 8.4940004 0.23800001
4.8179998 8.5030003 0.23800001
4.7150002 8.5080004 0.237
4.625 8.5030003 0.237
4.5279999 8.5139999 0.237
4.4429998 8.5159998 0.237
4.4289999 8.6850004 0.23800001
4.4419999 8.882 0.23800001
4.4439998 9.0979996 0.23899999
4.4400001 9.3109999 0.23899999
4.448 9.5170002 0.23999999
4.3870001 9.6219997 0.23999999
5.6750002 12.69 0.25099999
5.5440001 12.718 0.25099999
5.3940001 12.699 0.25
5.2849998 12.719 0.25
5.1339998 12.694 0.25
5.02 12.697 0.25
4.651 12.214 0.248
4.5469999 12.229 0.248
4.4569998 12.341 0.248
4.4699998 12.687 0.249
4.4660001 13.065 0.25
4.4549999 13.442 0.25099999
5.421 16.777 0.26199999
5.2519999 16.792999 0.26199999
5.1020002 16.777 0.26199999
4.7020001 16.004999 0.259
4.5780001 16.047001 0.259
4.4860001 16.306999 0.25999999
4.4619999 16.836 0.26199999
6.1139998 23.778 0.28400001
5.8759999 23.780001 0.28400001
5.6760001 23.771 0.28400001
4.7010002 20.561001 0.273
5.243 23.77 0.28400001
5.013 23.789 0.28299999
4.7779999 23.785999 0.28299999
6.4920001 33.627998 0.315
7.9310002 43.23 0.345
5.8319998 33.915001 0.315
4.724 29.136999 0.30000001
4.4899998 29.136999 0.30000001
4.2459998 29.389999 0.30000001
4.013 29.407 0.30000001
1.464 11.668 0.244
1.35 11.643 0.244
1.283 11.872 0.244
1.27 12.873 0.248
1.258 14.326 0.252
1.133 14.463 0.25299999
1.023 14.525 0.25299999
0.884 14.51 0.25299999
0.74599999 14.48 0.25299999
0.63099998 14.46 0.252
0.493 14.419 0.252
0.37799999 14.364 0.252
0.242 14.331 0.252
0.12899999 14.329 0.252
8.5179996 8.5319996 0.18799999
8.375 8.5469999 0.18799999
8.2299995 8.5319996 0.18799999
8.085 8.5410004 0.18799999
7.9829998 8.5679998 0.18799999
8.033 8.7860003 0.18799999
8.059 8.9840002 0.18799999
8.7390003 9.901 0.186
8.7449999 10.098 0.186
8.7259998 10.238 0.186
8.5360003 10.208 0.186
7.0440001 8.5530005 0.189
8.665 10.736 0.185
8.7629995 11.07 0.185
8.7480001 11.231 0.184
8.6219997 11.286 0.184
8.5270004 11.346 0.184
8.3789997 11.371 0.185
8.3459997 11.514 0.184
8.3369999 11.734 0.184
8.335 11.968 0.184
11.473 16.771999 0.175
8.5509996 12.746 0.183
8.4499998 12.811 0.183
9.1059999 14.097 0.18000001
5.434 8.54 0.191
5.3460002 8.5790005 0.191
5.244 8.5950003 0.191
5.1490002 8.5900002 0.191
5.0469999 8.6029997 0.191
4.947 8.585 0.191
4.8439999 8.5930004 0.191
4.7550001 8.592 0.191
4.6500001 8.5909996 0.191
4.5500002 8.599 0.191
4.4710002 8.6129999 0.191
4.4629998 8.8000002 0.191
4.4809999 9.0120001 0.191
4.4699998 9.2069998 0.191
4.4619999 9.4169998 0.19
4.5339999 9.7679996 0.19
5.789 12.805 0.185
4.4749999 10.095 0.189
4.4710002 10.35 0.189
5.401 12.793 0.185
5.2589998 12.792 0.185
5.1170001 12.789 0.185
4.776 12.323 0.186
4.6399999 12.315 0.186
4.5419998 12.35 0.186
4.474 12.528 0.186
4.487 12.886 0.185
4.4879999 13.291 0.185
4.4899998 13.653 0.184
5.3699999 16.882999 0.17900001
5.1900001 16.865999 0.17900001
5.0469999 16.872 0.17900001
4.5180001 15.631 0.18099999
4.5310001 16.150999 0.18000001
4.4910002 16.612 0.18000001
6.243 23.878 0.168
6.006 23.889 0.168
5.7680001 23.893999 0.168
5.5679998 23.888 0.168
4.631 20.732 0.17399999
5.1370001 23.896999 0.169
4.8920002 23.85 0.169
4.6220002 23.863001 0.169
4.4169998 24.011999 0.169
4.2199998 24.002001 0.169
3.9879999 24.006001 0.169
3.757 24.014 0.169
3.563 24.007999 0.169
3.3340001 24.016001 0.169
1.511 11.736 0.18799999
1.398 11.73 0.18799999
1.304 11.722 0.18799999
1.272 12.526 0.18700001
1.256 13.675 0.185
1.21 14.424 0.184
1.086 14.61 0.184
0.97100002 14.61 0.184
0.833 14.611 0.184
0.71899998 14.625 0.184
0.58099997 14.631 0.184
0.44299999 14.636 0.184
0.329 14.675 0.184
0.19 14.665 0.184
0.075000003 14.658 0.184
8.3509998 8.4630003 0.112
8.2110004 8.4799995 0.113
8.0819998 8.4790001 0.114
7.8979998 8.4980001 0.115
7.9990001 8.743 0.113
8.0209999 8.934 0.111
8.2650003 9.3509998 0.108
8.3290005 9.6029997 0.106
8.3070002 9.7620001 0.105
8.276 9.882 0.104
8.2589998 10.052 0.103
8.5830002 10.613 0.097999997
8.6999998 10.966 0.096000001
8.724 11.176 0.093999997
8.5860004 11.215 0.094999999
8.4759998 11.29 0.094999999
8.3290005 11.278 0.094999999
8.2910004 11.451 0.094999999
8.3100004 11.669 0.093000002
8.3009996 11.891 0.092
11.462 16.679001 0.046
8.5229998 12.667 0.086000003
5.6020002 8.5139999 0.126
5.52 8.5340004 0.126
5.3759999 8.4860001 0.127
5.2950001 8.5059996 0.127
5.1890001 8.5129995 0.127
5.0970001 8.5129995 0.12800001
4.9899998 8.5159998 0.12800001
4.888 8.5240002 0.12899999
4.802 8.5290003 0.12899999
4.691 8.5200005 0.12899999
4.6069999 8.5249996 0.13
4.5079999 8.5319996 0.13
4.4460001 8.6099997 0.13
4.4530001 8.7930002 0.12800001
4.4400001 8.974 0.127
4.4520001 9.1789999 0.126
4.4460001 9.3889999 0.124
4.5300002 9.7620001 0.121
5.7649999 12.718 0.096000001
5.625 12.726 0.096000001
5.4980001 12.709 0.097000003
5.3600001 12.718 0.097000003
5.2470002 12.729 0.097000003
5.1020002 12.714 0.097999997
4.7579999 12.248 0.102
4.6329999 12.268 0.103
4.5229998 12.267 0.103
4.4650002 12.471 0.102
4.4559999 12.822 0.098999999
4.4720001 13.201 0.096000001
5.4650002 16.801001 0.067000002
5.3210001 16.808001 0.067000002
5.1420002 16.792 0.068000004
4.816 16.181999 0.072999999
4.6040001 16.021 0.075000003
4.4840002 16.077999 0.074000001
4.4850001 16.684999 0.07
6.1700001 23.805 0.012
5.9720001 23.809999 0.012
5.7360001 23.816999 0.013
5.5339999 23.799 0.013
5.223 23.813 0.014
4.987 23.622999 0.016000001
4.7930002 23.809999 0.014
4.5500002 23.962999 0.014
4.323 23.999001 0.014
4.0879998 23.99 0.014
3.8900001 23.966 0.015
3.6600001 23.974001 0.015
3.4690001 23.98 0.015
3.2390001 23.983999 0.015
1.419 11.565 0.114
1.3200001 11.663 0.113
1.281 12.169 0.11
1.265 13.187 0.102
1.2410001 14.338 0.093000002
1.1339999 14.409 0.092
1.317 18.914 0.056000002
1.1950001 19.351 0.052999999
1.127 21.478001 0.035999998
0.958 21.482 0.035999998
0.755 21.472 0.037
0.55199999 21.488001 0.035999998
0.38299999 21.440001 0.037
0.18000001 21.405001 0.037
0.001 15.2 0.086000003
8.3760004 8.4689999 0.039000001
8.2440004 8.4940004 0.039999999
8.0889997 8.4659996 0.041000001
8 8.533 0.041999999
7.8979998 8.585 0.041999999
8.0389996 8.8780003 0.037999999
8.257 9.2950001 0.030999999
8.2720003 9.4610004 0.028999999
8.5839996 10.008 0.021
8.4499998 10.009 0.022
7.0409999 8.4949999 0.050999999
8.5 10.464 0.017000001
8.526 10.666 0.014
6.6760001 8.5059996 0.054000001
6.5609999 8.4969997 0.055
8.5229998 11.269 0.0080000004
8.3920002 11.277 0.0089999996
8.3100004 11.39 0.0080000004
8.3030005 11.609 0.0060000001
8.3199997 11.83 0.003
11.499 16.700001 -0.079000004
8.5979996 12.688 -0.0089999996
8.4189997 12.678 -0.0080000004
5.5599999 8.5030003 0.063000001
5.4569998 8.5190001 0.064000003
5.3449998 8.5190001 0.064999998
5.2579999 8.5290003 0.064999998
5.151 8.533 0.066
5.053 8.5220003 0.067000002
4.9549999 8.5380001 0.067000002
4.8429999 8.5279999 0.068000004
4.7620001 8.5419998 0.068000004
4.6529999 8.533 0.068999998
4.5749998 8.5500002 0.07
4.4650002 8.5360003 0.071000002
4.4559999 8.6850004 0.068999998
4.4580002 8.8970003 0.066
4.4489999 9.0909996 0.064000003
4.4619999 9.3050003 0.061000001
4.4660001 9.5439997 0.057999998
4.4710002 9.7530003 0.055
5.6820002 12.73 0.0099999998
5.5599999 12.723 0.011
5.4219999 12.733 0.012
4.46 10.744 0.043000001
4.4790001 11.035 0.039000001
5.0209999 12.724 0.014
4.6859999 12.264 0.022
4.5320001 12.205 0.023
4.4780002 12.357 0.021
4.4689999 12.706 0.017000001
4.4829998 13.074 0.012
5.5760002 16.799 -0.043000001
5.4060001 16.816999 -0.041999999
5.2540002 16.796 -0.041000001
5.0830002 16.802999 -0.041000001
4.711 16.021999 -0.028999999
4.5549998 16.047001 -0.028000001
4.4720001 16.34 -0.032000002
4.4699998 16.854 -0.039000001
6.0630002 23.806 -0.139
5.8099999 23.584999 -0.13500001
5.6300001 23.82 -0.138
4.6440001 20.646 -0.090999998
5.0430002 23.466 -0.131
4.8839998 23.628 -0.133
4.6059999 23.788 -0.134
4.447 23.976999 -0.13600001
4.217 23.993999 -0.13600001
3.983 23.985001 -0.13500001
3.7880001 23.976999 -0.13500001
3.5580001 23.981001 -0.134
3.368 23.997 -0.134
1.503 11.675 0.041000001
1.409 11.674 0.041000001
1.295 11.647 0.041000001
1.29 12.511 0.028999999
1.274 13.644 0.013
1.2029999 14.355 0.0040000002
1.311 17.349001 -0.037999999
1.345 20.414 -0.081
1.2079999 20.829 -0.086999997
0.995 20.497999 -0.082000002
0.80000001 20.452999 -0.081
0.639 20.445999 -0.081
0.44600001 20.455 -0.081
0.285 20.440001 -0.081
0.092 20.344 -0.079999998
8.4860001 8.4919996 -0.046999998
8.3509998 8.4899998 -0.045000002
8.2060003 8.5010004 -0.043000001
8.0039997 8.4779997 -0.039000001
8.0489998 8.6870003 -0.043000001
8.0489998 8.8529997 -0.046
8.29 9.2609997 -0.056000002
8.2880001 9.4359999 -0.057999998
8.6800003 10.038 -0.072999999
8.5229998 10.047 -0.071000002
8.3710003 10.026 -0.068999998
8.7639999 10.698 -0.085000001
8.7550001 10.895 -0.088
8.7729998 11.093 -0.090999998
8.7709999 11.308 -0.094999999
8.5629997 11.221 -0.090999998
8.4610004 11.308 -0.090999998
8.3369999 11.325 -0.090000004
8.3360004 11.551 -0.093999997
8.3280001 11.771 -0.097000003
11.637 16.705999 -0.222
8.651 12.683 -0.117
8.5050001 12.683 -0.115
8.4469995 12.856 -0.117
9.0509996 14.059 -0.145
5.3870001 8.533 -0.0060000001
5.2880001 8.5530005 -0.0060000001
5.1880002 8.5419998 -0.0040000002
5.085 8.552 -0.0040000002
4.9959998 8.5559998 -0.003
4.8860002 8.552 -0.001
4.7870002 8.5649996 -0.001
4.7020001 8.5710001 0
4.5949998 8.5670004 0.001
4.506 8.5620003 0.0020000001
4.474 8.698 0
4.4809999 8.8809996 -0.003
4.4780002 9.0860004 -0.0070000002
4.4819999 9.3129997 -0.012
4.4790001 9.4960003 -0.015
4.4720001 9.7180004 -0.018999999
5.7519999 12.743 -0.088
5.6069999 12.74 -0.086999997
5.4889998 12.743 -0.086000003
4.4819999 10.692 -0.037999999
4.4889998 10.996 -0.044
4.4910002 11.252 -0.048999999
4.7179999 12.26 -0.07
4.5760002 12.176 -0.068000004
4.4819999 12.396 -0.071000002
4.4920001 12.732 -0.078000002
4.4850001 13.104 -0.085000001
5.4980001 16.812 -0.16599999
5.329 16.830999 -0.16500001
5.1760001 16.806999 -0.164
4.7859998 16.080999 -0.147
4.638 16.042999 -0.145
4.4959998 16.318001 -0.15000001
4.5139999 16.896 -0.162
6.131 23.806 -0.31
5.8189998 23.511 -0.303
5.6890001 23.785999 -0.308
5.2589998 23.450001 -0.29899999
5.033 23.476999 -0.29800001
4.8670001 23.794001 -0.30399999
4.6279998 23.962 -0.30700001
4.4039998 24.014 -0.30700001
4.2150002 24.049999 -0.30700001
3.984 24.061001 -0.30599999
3.7869999 24.042 -0.30500001
3.5550001 24.041 -0.30399999
3.358 24.013 -0.303
1.508 11.68 -0.041999999
1.398 11.696 -0.041999999
1.303 11.683 -0.041000001
1.283 12.56 -0.059999999
1.291 13.67 -0.082999997
1.175 14.355 -0.097000003
1.35 18.167999 -0.177
1.329 21.468 -0.24600001
1.098 20.34 -0.222
1.098 24.538 -0.31
0.86000001 24.375 -0.30599999
0.69300002 25.223 -0.324
0.44600001 24.742001 -0.31400001
0.252 24.775 -0.31400001
0.017000001 23.830999 -0.29499999
8.493 8.5059996 -0.109
8.3439999 8.5159998 -0.106
8.1929998 8.5209999 -0.103
8.0139999 8.5200005 -0.1
8.0579996 8.7299995 -0.105
8.0600004 8.8719997 -0.108
8.2869997 9.2969999 -0.12
8.3079996 9.4709997 -0.124
8.6330004 10.033 -0.14
8.5139999 10.053 -0.139
8.368 10.071 -0.13699999
8.757 10.745 -0.15700001
8.7770004 10.945 -0.161
8.7659998 11.145 -0.16500001
8.776 11.341 -0.169
8.5369997 11.249 -0.164
8.4469995 11.314 -0.163
8.323 11.369 -0.163
8.3199997 11.593 -0.167
8.3389997 11.815 -0.17200001
11.559 16.728001 -0.32600001
8.6429996 12.709 -0.19599999
8.467 12.707 -0.193
8.4469995 12.895 -0.197
9.0369997 14.087 -0.23199999
5.3829999 8.5489998 -0.059
5.2940001 8.5559998 -0.057999998
5.1880002 8.5640001 -0.056000002
5.0970001 8.5629997 -0.055
4.993 8.5710001 -0.054000001
4.9000001 8.5670004 -0.052999999
4.796 8.5699997 -0.050999999
4.697 8.5819998 -0.050000001
4.6009998 8.566 -0.048999999
4.5089998 8.5869999 -0.048
4.4590001 8.6560001 -0.048999999
4.4530001 8.8500004 -0.054000001
4.4679999 9.0570002 -0.059
4.4569998 9.2539997 -0.063000001
4.4499998 9.4689999 -0.068000004
5.8590002 12.746 -0.161
5.7179999 12.755 -0.16
5.5939999 12.744 -0.15800001
5.4559999 12.756 -0.15700001
5.3119998 12.75 -0.155
5.1929998 12.745 -0.154
5.0560002 12.75 -0.153
4.7160001 12.284 -0.138
4.5869999 12.292 -0.13699999
4.494 12.339 -0.138
4.4660001 12.632 -0.145
4.48 12.997 -0.154
4.4650002 13.363 -0.163
5.4400001 16.827 -0.25600001
5.2969999 16.834999 -0.255
5.1209998 16.829 -0.25400001
4.7509999 16.061001 -0.23199999
4.5879998 16.063999 -0.23100001
4.4949999 16.423 -0.23899999
4.4899998 17.037001 -0.255
6.026 23.657 -0.43200001
5.8010001 23.702999 -0.43200001
5.598 23.848 -0.43399999
5.171 23.516001 -0.42300001
4.9759998 23.507 -0.42199999
4.8179998 23.867001 -0.43000001
4.5739999 24.018999 -0.433
4.3439999 24.041 -0.43200001
4.112 24.049 -0.43200001
3.915 24.035 -0.43000001
3.6830001 24.038 -0.42899999
3.49 24.035999 -0.42899999
3.2579999 24.028 -0.428
1.473 11.734 -0.104
1.36 11.722 -0.103
1.2640001 11.871 -0.107
1.268 12.9 -0.133
1.258 14.194 -0.167
1.1670001 14.463 -0.17399999
1.319 18.632 -0.28200001
1.1849999 19.860001 -0.31400001
0.98199999 19.542999 -0.30599999
0.98299998 23.313999 -0.40400001
0.80900002 24.754999 -0.44100001
0.60900003 26.267 -0.47999999
0.36899999 23.941999 -0.41999999
0.067000002 23.289 -0.403
8.4580002 8.493 -0.17900001
8.3339996 8.5010004 -0.177
8.1719999 8.4940004 -0.17299999
8.026 8.4750004 -0.169
8.0290003 8.6400003 -0.17299999
8.04 8.8170004 -0.178
8.0419998 8.9580002 -0.18099999
8.2629995 9.3800001 -0.19599999
8.5530005 9.8620005 -0.213
8.526 10.019 -0.21699999
8.3839998 10.011 -0.214
8.3699999 10.188 -0.21799999
8.7220001 10.82 -0.23999999
8.7379999 11.016 -0.24600001
8.7419996 11.237 -0.25099999
8.6389999 11.286 -0.25099999
8.4809999 11.299 -0.248
8.3360004 11.289 -0.245
8.3079996 11.476 -0.249
8.3109999 11.71 -0.255
8.3190002 11.919 -0.26100001
11.448 16.716 -0.44400001
8.5369997 12.69 -0.285
8.4259996 12.784 -0.28600001
9.0979996 14.037 -0.331
5.3969998 8.5200005 -0.118
5.2909999 8.5299997 -0.117
5.2080002 8.5459995 -0.116
5.0949998 8.5410004 -0.114
5.0009999 8.5340004 -0.112
4.8930001 8.5340004 -0.11
4.809 8.5430002 -0.109
4.6999998 8.5369997 -0.108
4.599 8.5430002 -0.106
4.513 8.5430002 -0.105
4.441 8.6029997 -0.106
4.4549999 8.7980003 -0.111
4.4489999 8.9949999 -0.117
4.4580002 9.191 -0.123
4.4510002 9.401 -0.12899999
4.5339999 9.8120003 -0.142
5.7670002 12.725 -0.243
5.625 12.728 -0.241
5.5050001 12.728 -0.23899999
5.3610001 12.722 -0.237
5.224 12.731 -0.236
5.1030002 12.72 -0.234
4.737 12.254 -0.21600001
4.631 12.267 -0.215
4.5019999 12.272 -0.214
4.4689999 12.484 -0.22
4.4679999 12.862 -0.23100001
4.4879999 13.25 -0.243
5.5279999 16.82 -0.36199999
5.355 16.826 -0.361
5.2010002 16.797001 -0.35800001
5.0300002 16.805 -0.35699999
4.6690001 16.061001 -0.331
4.4889998 16.004 -0.32800001
4.5040002 16.552 -0.345
6.2459998 23.798 -0.583
5.9879999 23.722 -0.579
5.8119998 23.809 -0.57999998
5.5770001 23.822001 -0.579
5.2199998 23.457001 -0.565
4.9899998 23.464001 -0.56300002
4.868 23.806 -0.57300001
4.5830002 23.943001 -0.57599998
4.3959999 23.981001 -0.57599998
4.1659999 24.000999 -0.57499999
3.974 24.014999 -0.57499999
3.7409999 24.01 -0.57300001
3.5109999 24.017 -0.57300001
3.3139999 23.988001 -0.57099998
1.489 11.686 -0.17299999
1.395 11.68 -0.17200001
1.281 11.658 -0.171
1.277 12.511 -0.198
1.267 13.657 -0.235
1.197 14.357 -0.257
1.309 17.278 -0.34999999
1.274 19.18 -0.41100001
1.0930001 18.674999 -0.39399999
0.95099998 19.371 -0.41600001
0.889 25.226 -0.60399997
0.63200003 24.506001 -0.57999998
0.42699999 23.847 -0.55900002
0.199 23.492001 -0.54799998
8.5039997 8.5240002 -0.25999999
8.3629999 8.5150003 -0.25600001
8.224 8.533 -0.25299999
8.0469999 8.5080004 -0.24699999
8.0649996 8.6619997 -0.252
8.0550003 8.8170004 -0.25600001
7.6960001 8.5570002 -0.23999999
8.2959995 9.4040003 -0.27900001
8.368 9.6379995 -0.28799999
8.5080004 10.053 -0.30399999
8.3730001 10.052 -0.30000001
8.7419996 10.77 -0.331
8.7559996 11.033 -0.33899999
8.7690001 11.34 -0.34900001
8.6110001 11.318 -0.34400001
8.4460001 11.322 -0.34099999
8.3360004 11.359 -0.33899999
8.3380003 11.589 -0.34599999
8.3400002 11.826 -0.354
11.599 16.743 -0.58099997
8.6470003 12.726 -0.389
8.4820004 12.696 -0.38499999
8.4399996 12.896 -0.38999999
9.0469999 14.067 -0.44100001
5.3860002 8.5299997 -0.185
5.2969999 8.5670004 -0.184
5.2119999 8.5790005 -0.183
5.099 8.5749998 -0.18099999
5.0089998 8.5760002 -0.17900001
4.901 8.5749998 -0.177
4.8070002 8.566 -0.175
4.704 8.5699997 -0.17299999
4.605 8.5810003 -0.171
4.5190001 8.5810003 -0.17
4.4660001 8.6789999 -0.17200001
4.4759998 8.8690004 -0.17900001
4.4780002 9.0869999 -0.18700001
4.4640002 9.2779999 -0.193
4.48 9.5030003 -0.20100001
5.8569999 12.755 -0.33700001
5.7350001 12.751 -0.33500001
5.5939999 12.759 -0.333
5.473 12.753 -0.331
5.335 12.761 -0.329
5.1929998 12.759 -0.32699999
5.0799999 12.766 -0.32600001
4.7150002 12.295 -0.30399999
4.605 12.296 -0.30199999
4.4569998 12.25 -0.29899999
4.4850001 12.637 -0.31299999
4.4840002 13.023 -0.32699999
4.5279999 13.5 -0.345
5.4640002 16.834 -0.47799999
5.29 16.834999 -0.47600001
5.1350002 16.802 -0.47299999
4.75 16.077999 -0.442
4.6079998 16.061001 -0.44
4.4910002 16.229 -0.44499999
4.5079999 16.806999 -0.46700001
6.1389999 23.825001 -0.74400002
5.9590001 24.063999 -0.75199997
5.7059999 23.84 -0.741
4.6279998 20.605 -0.61000001
5.0409999 23.493 -0.722
4.8850002 23.863001 -0.73500001
4.6259999 23.934999 -0.736
4.4060001 24.004999 -0.73699999
4.2119999 24.007 -0.736
3.983 24.032 -0.73500001
3.786 24.013 -0.73299998
3.5539999 24.006001 -0.73199999
3.359 23.993999 -0.73000002
1.541 11.71 -0.25099999
1.415 11.595 -0.24600001
1.3329999 11.693 -0.25
1.274 12.206 -0.26899999
1.2819999 13.314 -0.31200001
1.2460001 14.377 -0.352
1.12 14.514 -0.35699999
1.323 19.219999 -0.53899997
1.12 18.865999 -0.52499998
0.97899997 19.021999 -0.52999997
1.034 24.792 -0.75300002
0.76700002 24.985001 -0.75999999
0.52200001 24.518 -0.741
0.32600001 24.229 -0.73000002
0.097000003 23.927999 -0.71799999
8.4370003 8.4879999 -0.329
8.283 8.4919996 -0.324
8.1520004 8.4910002 -0.31999999
7.9959998 8.4870005 -0.315
8.0570002 8.6870003 -0.32300001
8.0480003 8.842 -0.32800001
8.283 9.2440004 -0.34799999
8.2889996 9.4280005 -0.35499999
8.6409998 10.015 -0.38499999
8.5030003 10.014 -0.38100001
8.3590002 10.034 -0.377
8.7720003 10.697 -0.412
8.7580004 10.887 -0.41800001
8.7799997 11.091 -0.426
8.7700005 11.295 -0.43200001
8.599 11.293 -0.428
8.4519997 11.284 -0.42300001
8.3170004 11.324 -0.421
8.3380003 11.541 -0.43000001
8.3310003 11.763 -0.43700001
11.627 16.674999 -0.70099998
8.6590004 12.683 -0.479
8.4799995 12.676 -0.47499999
8.4589996 12.86 -0.48100001
9.0369997 14.022 -0.53799999
5.3850002 8.5209999 -0.245
5.276 8.526 -0.242
5.1820002 8.5220003 -0.23999999
5.073 8.5229998 -0.23800001
4.9710002 8.5340004 -0.236
4.8779998 8.5279999 -0.233
4.7800002 8.5419998 -0.23199999
4.6859999 8.5319996 -0.229
4.5900002 8.5459995 -0.228
4.4879999 8.5500002 -0.226
4.4720001 8.684 -0.23100001
4.4619999 8.8669996 -0.23800001
4.4710002 9.0609999 -0.24600001
4.4679999 9.2740002 -0.25400001
4.4850001 9.4960003 -0.264
5.875 12.73 -0.41999999
5.7360001 12.743 -0.41800001
5.6129999 12.736 -0.41499999
5.4699998 12.735 -0.41299999
5.3530002 12.737 -0.41100001
5.2080002 12.728 -0.40799999
5.0890002 12.722 -0.40599999
4.73 12.271 -0.38100001
4.619 12.271 -0.38
4.4679999 12.218 -0.375
4.4759998 12.606 -0.391
4.493 12.974 -0.40700001
4.513 13.436 -0.42699999
5.5040002 16.804001 -0.583
5.335 16.820999 -0.58099997
5.1760001 16.778 -0.57700002
4.7789998 16.030001 -0.54000002
4.6160002 16.032 -0.53799999
4.5029998 16.115999 -0.54100001
4.5040002 16.721001 -0.56699997
5.9650002 22.82 -0.84500003
5.9809999 23.794001 -0.88800001
5.7789998 23.778 -0.88499999
5.5450001 23.790001 -0.88300002
5.1599998 23.469999 -0.86500001
4.947 23.379 -0.85900003
4.8039999 23.806 -0.87699997
4.631 23.914 -0.88
4.4120002 23.99 -0.88099998
4.2150002 23.976 -0.87900001
3.9849999 23.993 -0.87800002
3.756 24.014 -0.87699997
3.5610001 24.003 -0.87599999
3.326 23.969 -0.87300003
1.5140001 11.683 -0.31999999
1.401 11.671 -0.31900001
1.3049999 11.65 -0.31799999
1.285 12.514 -0.35600001
1.274 13.645 -0.40599999
1.228 14.355 -0.43700001
1.311 17.179001 -0.56300002
1.274 18.586 -0.625
1.0930001 18.497999 -0.62099999
0.94800001 18.51 -0.62099999
0.77899998 18.655001 -0.62699997
0.90499997 27.622 -1.026
0.59500003 24.011 -0.86500001
0.368 24.021 -0.86500001
0.177 23.738001 -0.852
8.4320002 8.4589996 -0.396
8.2799997 8.4639997 -0.391
8.1440001 8.4560003 -0.38600001
7.9910002 8.4560003 -0.38100001
8.04 8.6429996 -0.389
8.0450001 8.8140001 -0.396
8.257 9.2209997 -0.41800001
8.2790003 9.3929996 -0.42500001
7.8520002 9.0769997 -0.39899999
7.7969999 9.1590004 -0.40099999
8.3470001 9.9980001 -0.45100001
8.7600002 10.663 -0.49000001
8.7519999 10.862 -0.49700001
8.7580004 11.082 -0.50599998
8.757 11.261 -0.51300001
8.585 11.257 -0.50700003
8.4469995 11.259 -0.50300002
8.3050003 11.29 -0.5
8.3310003 11.513 -0.50999999
8.335 11.751 -0.51999998
11.54 16.618 -0.81199998
8.658 12.668 -0.56699997
5.71 8.5100002 -0.31099999
8.4440002 12.825 -0.56800002
9.0340004 14.01 -0.634
5.3850002 8.4790001 -0.301
5.29 8.5039997 -0.30000001
5.1859999 8.5150003 -0.29699999
5.0869999 8.5010004 -0.294
4.9899998 8.5209999 -0.292
4.8920002 8.5059996 -0.289
4.789 8.5100002 -0.287
4.6890001 8.5200005 -0.285
4.599 8.5139999 -0.28299999
4.5 8.5220003 -0.28099999
4.4689999 8.6260004 -0.28400001
4.4679999 8.8280001 -0.29300001
4.4720001 9.0120001 -0.30199999
4.474 9.2349997 -0.31200001
4.4619999 9.4359999 -0.32100001
5.8779998 12.71 -0.5
5.7280002 12.697 -0.49599999
5.6110001 12.703 -0.49399999
5.467 12.699 -0.491
5.3530002 12.708 -0.48899999
5.2119999 12.706 -0.486
5.0739999 12.709 -0.484
4.737 12.253 -0.456
4.6020002 12.244 -0.45300001
4.4710002 12.186 -0.44800001
4.4749999 12.563 -0.46599999
4.494 12.94 -0.484
4.513 13.404 -0.50700003
5.4920001 16.764 -0.68199998
5.323 16.781 -0.68099999
5.1420002 16.756001 -0.67699999
4.7750001 16.004999 -0.63499999
4.6110001 16.003 -0.63300002
4.506 16.114 -0.63700002
4.5019999 16.707001 -0.66500002
4.9330001 19.031 -0.78399998
5.9510002 23.754 -1.026
5.7129998 23.749001 -1.023
4.6459999 20.572001 -0.85600001
5.0929999 23.424 -1
4.9359999 23.782 -1.016
4.6370001 23.844 -1.016
4.461 23.940001 -1.0190001
4.2290001 23.948 -1.018
4.0320001 23.927 -1.015
3.803 23.938 -1.0140001
3.6140001 23.966 -1.013
3.3829999 23.959 -1.011
1.529 11.658 -0.38699999
1.4170001 11.658 -0.38600001
1.303 11.636 -0.38499999
1.291 12.424 -0.42399999
1.278 13.562 -0.48100001
1.2359999 14.33 -0.51899999
1.318 17.245001 -0.66500002
1.2690001 18.552 -0.73000002
1.09 18.482 -0.72600001
0.91500002 18.483 -0.72600001
0.78200001 18.799 -0.741
0.75 23.493999 -0.977
0.50199997 24.049999 -1.0039999
0.273 23.823 -0.99299997
0.086000003 24.007 -1.002
8.3599997 8.4359999 -0.46900001
8.2180004 8.4519997 -0.46399999
8.0900002 8.4510002 -0.45899999
8.0220003 8.54 -0.46000001
8.0290003 8.7110004 -0.46700001
8.0469999 8.868 -0.47400001
8.2639999 9.2799997 -0.5
8.2670002 9.4309998 -0.50599998
7.7800002 9.0480003 -0.472
7.7319999 9.1359997 -0.47400001
8.29 9.9809999 -0.53100002
8.3789997 10.283 -0.54699999
8.3540001 10.419 -0.55199999
8.3540001 10.622 -0.56099999
8.3540001 10.795 -0.56900001
8.4860001 11.254 -0.59399998
8.3400002 11.243 -0.58899999
8.3140001 11.431 -0.59600002
8.3339996 11.649 -0.60699999
8.3210001 11.865 -0.61699998
5.8239999 8.4870005 -0.37900001
8.5439997 12.64 -0.66000003
8.4359999 12.737 -0.66100001
9.1190004 14.001 -0.74199998
5.369 8.4949999 -0.36500001
5.27 8.4840002 -0.36199999
5.1669998 8.4960003 -0.359
5.0630002 8.5050001 -0.35699999
4.9650002 8.493 -0.35299999
4.8629999 8.5010004 -0.35100001
4.776 8.5030003 -0.34900001
4.6719999 8.5050001 -0.34599999
4.5869999 8.5080004 -0.34400001
4.4899998 8.5190001 -0.34200001
4.4549999 8.6499996 -0.347
4.4660001 8.8400002 -0.35699999
4.4640002 9.0459995 -0.36700001
4.4689999 9.2370005 -0.377
4.4699998 9.4639997 -0.389
5.8839998 12.694 -0.588
5.7399998 12.696 -0.58499998
5.599 12.702 -0.58200002
5.4780002 12.696 -0.579
5.3379998 12.701 -0.57599998
5.2179999 12.693 -0.57300001
5.079 12.695 -0.56999999
4.7290001 12.211 -0.537
4.6009998 12.221 -0.53500003
4.4770002 12.18 -0.53100002
4.4840002 12.564 -0.551
4.4819999 12.939 -0.57099998
4.5640001 13.515 -0.60399997
5.4359999 16.77 -0.79400003
5.2859998 16.753 -0.79000002
4.6620002 15.285 -0.70099998
4.744 15.998 -0.741
4.5819998 16.006001 -0.73799998
4.5219998 16.275999 -0.75199997
4.5089998 16.84 -0.78299999
4.98 19.309999 -0.92500001
5.7389998 22.98 -1.136
5.612 23.408001 -1.158
4.6890001 20.563999 -0.99000001
5.1129999 23.426001 -1.153
4.9580002 23.601999 -1.161
4.6830001 23.775999 -1.1670001
4.52 23.938 -1.174
4.2859998 23.934 -1.1720001
4.0539999 23.936001 -1.17
3.8599999 23.927999 -1.1670001
3.632 23.951 -1.1670001
3.441 23.955 -1.165
1.5470001 11.64 -0.461
1.442 11.549 -0.45500001
1.3430001 11.646 -0.46000001
1.2869999 12.154 -0.48800001
1.2920001 13.175 -0.546
1.271 14.322 -0.61000001
1.1670001 14.435 -0.616
1.3380001 18.648001 -0.85399997
1.155 18.546 -0.84799999
1.008 18.518999 -0.84600002
0.83600003 18.580999 -0.84899998
0.80400002 23.472 -1.125
0.59200001 23.837999 -1.145
0.403 23.771999 -1.141
0.18000001 23.792999 -1.142
8.3830004 8.5159998 -0.537
8.2360001 8.526 -0.53100002
8.0699997 8.5129995 -0.523
8.0620003 8.6389999 -0.528
8.073 8.816 -0.537
8.0699997 8.9540005 -0.54299998
8.302 9.3889999 -0.57300001
7.7989998 9.0170002 -0.53500003
7.7319999 9.1110001 -0.537
8.375 10.031 -0.60600001
8.4200001 10.281 -0.61900002
8.2690001 10.293 -0.61400002
8.5150003 11.313 -0.67299998
8.3610001 11.328 -0.66799998
8.3369999 11.484 -0.67500001
8.3319998 11.707 -0.68599999
8.3439999 11.923 -0.69800001
5.8720002 8.5480003 -0.43900001
8.5550003 12.687 -0.74400002
8.4540005 12.797 -0.74599999
9.1000004 14.065 -0.83399999
5.4400001 8.5349998 -0.42399999
5.3449998 8.5640001 -0.42199999
5.2410002 8.5439997 -0.417
5.1399999 8.5609999 -0.41499999
5.0489998 8.559 -0.412
4.9419999 8.5620003 -0.40900001
4.836 8.5629997 -0.40599999
4.7459998 8.5600004 -0.403
4.6459999 8.5690002 -0.40000001
4.559 8.5679998 -0.398
4.4650002 8.5839996 -0.396
4.4679999 8.7600002 -0.40599999
4.4710002 8.9729996 -0.41800001
4.4710002 9.191 -0.43000001
4.473 9.3830004 -0.44
4.5710001 9.8290005 -0.46799999
5.7989998 12.747 -0.66399997
5.6539998 12.746 -0.66000003
5.507 12.737 -0.65600002
5.3889999 12.737 -0.653
5.25 12.741 -0.64999998
5.1339998 12.743 -0.64700001
4.993 12.739 -0.64399999
4.7049999 12.285 -0.611
4.573 12.284 -0.60799998
4.4689999 12.36 -0.61000001
4.48 12.704 -0.63099998
4.474 13.082 -0.653
4.4759998 13.431 -0.67299998
4.493 13.922 -0.70200002
4.527 14.416 -0.73199999
4.6620002 15.356 -0.79000002
4.7129998 16.072001 -0.833
4.5840001 16.101 -0.833
4.4889998 16.349001 -0.84600002
4.506 16.936001 -0.88099998
4.9819999 19.476999 -1.041
5.677 22.959999 -1.26
4.6919999 20.627001 -1.1059999
5.224 23.846001 -1.307
4.9920001 23.861 -1.3049999
4.7090001 23.813 -1.299
4.5110002 24.002001 -1.308
4.3140001 23.985001 -1.3049999
4.0840001 24.007 -1.304
3.8859999 23.976999 -1.3
3.654 23.973 -1.2970001
3.4260001 23.993 -1.2970001
3.2309999 23.974001 -1.294
1.429 11.604 -0.52100003
1.312 11.717 -0.52700001
1.268 12.39 -0.56800002
1.273 13.507 -0.63700002
1.2180001 14.389 -0.69099998
1.123 14.645 -0.70599997
1.206 18.032 -0.91500002
1.068 18.610001 -0.94999999
0.921 18.608 -0.94999999
0.74000001 18.455999 -0.94
0.84299999 26.530001 -1.439
0.53100002 23.605 -1.258
0.30500001 26.885 -1.461
0.048999999 24.362 -1.304
8.415 8.4650002 -0.61900002
8.2690001 8.4770002 -0.61299998
8.1429996 8.4799995 -0.60699999
7.9650002 8.4540005 -0.597
8.0319996 8.6590004 -0.611
8.0209999 8.8129997 -0.61799997
8.2629995 9.2209997 -0.64999998
8.2679996 9.4029999 -0.65899998
7.6999998 8.927 -0.60900003
7.6030002 8.9569998 -0.60600001
8.3109999 9.9750004 -0.69099998
7.1290002 8.6999998 -0.57200003
8.2349997 10.239 -0.70200002
8.4359999 11.26 -0.76599997
8.2919998 11.289 -0.76200002
8.3120003 11.504 -0.77399999
8.3079996 11.729 -0.787
8.6470003 12.664 -0.85299999
5.6789999 8.5030003 -0.50099999
8.434 12.821 -0.85399997
9.0389996 14.023 -0.94599998
5.3670001 8.4910002 -0.48899999
5.2659998 8.507 -0.486
5.1719999 8.5039997 -0.48300001
5.0640001 8.5059996 -0.479
4.9569998 8.5089998 -0.47499999
4.8670001 8.5080004 -0.472
4.763 8.5120001 -0.46900001
4.6719999 8.5050001 -0.46599999
4.5760002 8.5209999 -0.463
4.4850001 8.5100002 -0.46000001
4.4400001 8.6199999 -0.465
4.4390001 8.8210001 -0.477
4.4460001 9.0100002 -0.48899999
4.4439998 9.2220001 -0.50199997
4.454 9.4309998 -0.51599997
5.704 12.36 -0.73400003
5.572 12.378 -0.73199999
5.4349999 12.332 -0.72500002
5.3150001 12.376 -0.72500002
5.0079999 11.921 -0.68800002
4.9780002 12.167 -0.70200002
5.0770001 12.69 -0.73799998
4.7179999 12.24 -0.69999999
4.6079998 12.239 -0.69800001
4.4850001 12.261 -0.69599998
4.4569998 12.549 -0.71399999
4.4710002 12.908 -0.73799998
4.4689999 13.303 -0.76300001
4.5120001 13.787 -0.796
5.323 16.781 -1.0089999
4.5300002 14.692 -0.85600001
4.8150001 16.143999 -0.95700002
4.6110001 16.011 -0.94400001
4.4689999 15.989 -0.94
4.4850001 16.648001 -0.98400003
5.046 19.315001 -1.171
5.1999998 20.695 -1.266
4.6669998 20.618999 -1.252
1.512 11.657 -0.60699999
1.395 11.62 -0.60299999
1.304 11.63 -0.60299999
1.271 12.37 -0.653
1.255 13.444 -0.727
1.226 14.326 -0.787
1.11 14.58 -0.80400002
1.105 16.150999 -0.912
1.096 18.538 -1.076
0.93900001 18.323 -1.0599999
0.77999997 18.642 -1.082
0.76599997 23.434999 -1.411
0.58399999 23.524 -1.4170001
0.37 23.997 -1.449
0.107 24.302999 -1.47
8.4589996 8.5380001 -0.68400002
8.3000002 8.5369997 -0.676
8.1719999 8.5380001 -0.66900003
8.0900002 8.6129999 -0.66900003
8.0979996 8.7589998 -0.67699999
8.1049995 8.934 -0.68699998
8.3360004 9.3369999 -0.72100002
8.3249998 9.5039997 -0.72899997
7.7360001 8.9989996 -0.67299998
7.697 9.0970001 -0.67699999
8.342 10.053 -0.76099998
7.1100001 8.7010002 -0.62599999
8.4020004 10.491 -0.78899997
8.5480003 11.317 -0.84399998
8.3940001 11.333 -0.838
8.3520002 11.502 -0.84600002
6.276 8.7770004 -0.59299999
8.4099998 12.014 -0.87900001
10.252 14.904 -1.132
8.5790005 12.721 -0.92900002
8.4860001 12.798 -0.93000001
9.1330004 14.064 -1.034
5.4439998 8.54 -0.54500002
5.3730001 8.5760002 -0.54400003
5.2639999 8.5799999 -0.54000002
5.1729999 8.5830002 -0.537
5.0510001 8.5609999 -0.53100002
4.9710002 8.5780001 -0.52899998
4.862 8.5760002 -0.52499998
4.756 8.5760002 -0.52100003
4.6700001 8.5780001 -0.51800001
4.5689998 8.5839996 -0.51499999
4.494 8.6059999 -0.514
4.4889998 8.7989998 -0.52600002
4.48 8.9890003 -0.53799999
4.4920001 9.1949997 -0.55199999
4.4910002 9.4189997 -0.56699997
4.5190001 9.6730003 -0.58499998
5.0120001 11.007 -0.69
4.9819999 11.173 -0.69999999
4.9759998 11.449 -0.71799999
4.9840002 11.771 -0.74000001
4.9720001 12.007 -0.75599998
4.9650002 12.318 -0.77700001
5.0240002 12.756 -0.80900002
4.7179999 12.314 -0.76999998
4.6020002 12.301 -0.76599997
4.5009999 12.385 -0.76899999
4.494 12.739 -0.79400003
4.5050001 13.1 -0.81900001
4.4879999 13.462 -0.84399998
5.4590001 16.836 -1.103
4.6220002 14.714 -0.935
5.1409998 16.841999 -1.096
4.7420001 16.070999 -1.033
4.5879998 16.108999 -1.033
4.5159998 16.341 -1.048
4.5100002 16.945 -1.091
5.053 19.620001 -1.2920001
4.7259998 20.615 -1.357
1.494 11.668 -0.66500002
1.3890001 11.721 -0.66799998
1.298 11.743 -0.66900003
1.284 12.738 -0.74199998
1.272 13.963 -0.83200002
1.197 14.39 -0.86299998
1.329 18.136999 -1.1390001
1.081 16.490999 -1.016
0.92500001 16.488001 -1.015
0.89600003 18.655001 -1.175
0.75199997 21.316 -1.37
8.3959999 8.467 -0.755
8.2449999 8.4729996 -0.74699998
8.1230001 8.4799995 -0.741
8.0299997 8.5430002 -0.73900002
8.0349998 8.7110004 -0.75
8.0489998 8.8649998 -0.759
8.2749996 9.2860003 -0.79699999
8.2880001 9.448 -0.80699998
7.6939998 8.9420004 -0.745
7.6440001 9.0270004 -0.74800003
8.2959995 9.9820004 -0.83999997
8.4069996 10.311 -0.866
8.3579998 11.004 -0.90700001
8.4130001 11.259 -0.926
8.323 11.36 -0.92900002
6.2480001 8.7089996 -0.65899998
8.3369999 11.8 -0.958
8.6129999 12.647 -1.026
8.4420004 12.65 -1.0190001
9.1829996 13.993 -1.142
9.1269999 14.197 -1.153
5.3530002 8.5200005 -0.60600001
5.257 8.5170002 -0.602
5.1469998 8.5159998 -0.597
5.052 8.5100002 -0.59299999
4.948 8.5179996 -0.58899999
4.8429999 8.5209999 -0.58499998
4.7550001 8.5200005 -0.58200002
4.6529999 8.526 -0.57800001
4.5599999 8.5150003 -0.574
4.46 8.5209999 -0.56999999
4.4590001 8.6829996 -0.58200002
4.4590001 8.8870001 -0.59600002
4.46 9.1020002 -0.61199999
4.4660001 9.2959995 -0.62599999
4.4679999 9.5270004 -0.64300001
5.0300002 10.941 -0.76499999
4.9489999 11.037 -0.76899999
4.9180002 11.201 -0.77999997
4.9070001 11.467 -0.79900002
4.8959999 11.746 -0.81999999
4.9029999 12.026 -0.84100002
4.8990002 12.346 -0.86400002
4.7490001 12.25 -0.85299999
4.6160002 12.247 -0.84899998
4.5289998 12.31 -0.85100001
4.4889998 12.562 -0.86900002
4.4809999 12.922 -0.89600003
4.4980001 13.304 -0.926
4.5419998 13.861 -0.96899998
5.3610001 16.789 -1.2130001
5.1859999 16.785 -1.2079999
4.902 16.322001 -1.166
4.6459999 16.017 -1.137
4.4899998 16.044001 -1.136
4.5149999 16.631001 -1.181
1.443 11.527 -0.73100001
1.348 11.655 -0.74000001
1.277 12.028 -0.76899999
1.283 13.037 -0.85000002
1.276 14.32 -0.95200002
1.164 14.341 -0.95300001
1.335 18.513 -1.288
0.98699999 15.441 -1.04
0.83999997 15.42 -1.038
0.81 18.523001 -1.286
0.73699999 21.357 -1.513
8.4239998 8.467 -0.82599998
8.276 8.4759998 -0.81699997
8.1359997 8.4919996 -0.81
8.0360003 8.5209999 -0.80599999
8.0500002 8.6990004 -0.81800002
8.0790005 8.8690004 -0.82999998
8.2869997 9.2729998 -0.86799997
8.3039999 9.441 -0.88
7.711 8.9320002 -0.81300002
7.6409998 9.0209999 -0.815
8.3149996 9.9799995 -0.91600001
8.3649998 10.3 -0.94
8.3730001 10.478 -0.95200002
8.3620005 10.669 -0.96399999
8.375 10.861 -0.97799999
8.4709997 11.277 -1.011
8.3369999 11.282 -1.005
8.335 11.505 -1.02
8.349 11.717 -1.036
8.6709995 12.67 -1.119
8.5139999 12.654 -1.11
8.4460001 12.812 -1.118
9.0819998 14.019 -1.235
5.4070001 8.5010004 -0.66500002
5.3060002 8.5190001 -0.662
5.2080002 8.5100002 -0.65700001
5.1079998 8.526 -0.653
5.0110002 8.5139999 -0.648
4.9070001 8.5200005 -0.64399999
4.8150001 8.5139999 -0.63999999
4.7160001 8.5249996 -0.63599998
4.6129999 8.5279999 -0.63200003
4.533 8.54 -0.63
4.4679999 8.6120005 -0.63300002
4.4790001 8.8030005 -0.648
4.4790001 9.0129995 -0.66399997
4.4809999 9.1990004 -0.67900002
4.4759998 9.4130001 -0.69499999
5.0539999 10.947 -0.83499998
4.9520001 10.998 -0.83600003
4.8870001 11.132 -0.84399998
4.9050002 11.417 -0.86699998
4.8990002 11.708 -0.88999999
4.9029999 11.982 -0.912
4.8990002 12.304 -0.93699998
4.7670002 12.251 -0.92900002
4.638 12.26 -0.926
4.4879999 12.211 -0.917
4.4959998 12.537 -0.94400001
4.4899998 12.903 -0.97299999
4.5139999 13.311 -1.007
4.566 13.895 -1.056
5.3140001 16.629 -1.3
5.138 16.802999 -1.309
4.757 16.002001 -1.234
4.5949998 16.007999 -1.2309999
4.493 16.226999 -1.2460001
4.5149999 16.822001 -1.296
1.505 11.712 -0.81400001
1.406 11.662 -0.80900002
1.2920001 11.639 -0.80599999
1.296 12.597 -0.88800001
1.285 13.783 -0.98900002
1.198 14.327 -1.035
1.332 17.662001 -1.322
1.219 18.514999 -1.3940001
0.94400001 16.23 -1.197
0.89399999 18.416 -1.3839999
0.72600001 18.583 -1.398
0.025 16.452999 -1.2130001
8.3909998 8.4530001 -0.89399999
8.2559996 8.4490004 -0.88499999
8.0959997 8.4429998 -0.87400001
8.0290003 8.507 -0.87400001
8.0489998 8.6899996 -0.88800001
8.0570002 8.8640003 -0.89999998
8.2880001 9.2620001 -0.94099998
8.2889996 9.441 -0.954
7.6160002 8.8149996 -0.87
7.6199999 8.9899998 -0.88200003
8.3129997 9.9610004 -0.99199998
8.4049997 10.265 -1.018
8.3389997 10.382 -1.023
8.3540001 10.569 -1.0369999
8.3540001 10.776 -1.052
8.5780001 11.245 -1.099
8.4139996 11.249 -1.09
8.3339996 11.326 -1.091
8.323 11.614 -1.112
8.3400002 11.832 -1.13
8.5600004 12.641 -1.202
8.46 12.708 -1.202
5.3829999 8.4709997 -0.722
5.2859998 8.4940004 -0.71899998
5.178 8.4689999 -0.71100003
5.0840001 8.4940004 -0.70899999
4.974 8.4919996 -0.704
4.8979998 8.5150003 -0.70200002
4.7690001 8.474 -0.69300002
4.7010002 8.5089998 -0.69300002
4.5879998 8.4940004 -0.68599999
4.5149999 8.5170002 -0.685
4.4549999 8.5979996 -0.68900001
4.4520001 8.7939997 -0.70499998
4.4650002 8.993 -0.722
4.4590001 9.1960001 -0.73799998
4.4759998 9.4189997 -0.75800002
5.0689998 10.921 -0.90600002
4.974 10.94 -0.90399998
4.8800001 11.007 -0.90600002
4.8759999 11.284 -0.92900002
4.9000001 11.586 -0.95499998
4.8870001 11.866 -0.97899997
4.9029999 12.173 -1.005
4.8060002 12.265 -1.01
4.6729999 12.208 -1
4.5510001 12.231 -0.99800003
4.4850001 12.41 -1.012
4.5040002 12.775 -1.044
4.494 13.137 -1.075
4.5910001 13.77 -1.133
5.2620001 16.275 -1.3710001
5.092 16.273001 -1.3660001
5.0180001 16.489 -1.383
4.6999998 15.988 -1.331
4.566 15.994 -1.3279999
4.506 16.364 -1.359
5.7199998 23.129999 -1.989
4.6469998 22.924 -1.949
4.592 23.799999 -2.027
4.408 24.063 -2.0469999
4.237 24.197001 -2.0569999
4.007 24.228001 -2.056
3.8110001 24.221001 -2.053
3.5829999 24.256001 -2.053
3.368 24.114 -2.0369999
1.485 11.518 -0.86699998
1.387 11.627 -0.875
1.3 11.675 -0.87900001
1.289 12.636 -0.96600002
1.301 13.797 -1.073
1.2130001 14.299 -1.118
1.325 17.514999 -1.413
0.92199999 15.055 -1.1849999
0.98699999 18.400999 -1.493
0.81699997 18.466999 -1.498
0.39500001 26.721001 -2.2550001
0.052000001 16.451 -1.311
8.3190002 8.4499998 -0.96399999
8.1709995 8.4580002 -0.95499998
8.0150003 8.4280005 -0.94199997
8.0279999 8.6020002 -0.95499998
8.0489998 8.7620001 -0.96799999
8.04 8.9200001 -0.97899997
8.2670002 9.3500004 -1.026
7.6630001 8.8579998 -0.94999999
7.6030002 8.9589996 -0.954
7.5289998 9.0139999 -0.95300001
8.2270002 10.045 -1.075
8.1780005 10.147 -1.08
8.1759996 10.342 -1.095
8.1829996 10.521 -1.109
8.1800003 10.724 -1.125
8.1730003 10.927 -1.14
8.1890001 11.131 -1.1569999
6.2519999 8.658 -0.84899998
8.3179998 11.727 -1.212
7.0679998 10.402 -1.035
6.9390001 10.422 -1.03
6.8140001 10.411 -1.022
6.704 10.457 -1.02
5.3390002 8.4940004 -0.78500003
5.25 8.5 -0.78100002
5.1389999 8.4980001 -0.77499998
5.0580001 8.5139999 -0.77200001
4.9390001 8.4940004 -0.76499999
4.8499999 8.493 -0.75999999
4.744 8.493 -0.755
4.6440001 8.5 -0.75099999
4.5609999 8.507 -0.74800003
4.4510002 8.493 -0.74199998
4.4429998 8.6429996 -0.75400001
4.4439998 8.8500004 -0.77200001
4.4530001 9.0439997 -0.79000002
4.4450002 9.2489996 -0.80800003
4.4590001 9.507 -0.83099997
5.02 10.936 -0.98199999
4.9039998 10.953 -0.97799999
4.8579998 11.085 -0.98799998
4.8559999 11.372 -1.0140001
4.8520002 11.667 -1.041
4.8660002 11.965 -1.068
4.8590002 12.281 -1.097
4.717 12.2 -1.084
4.5910001 12.214 -1.081
4.4590001 12.152 -1.071
4.4629998 12.528 -1.1059999
4.461 12.908 -1.141
4.4840002 13.316 -1.1799999
4.691 15.28 -1.37
4.566 21.646 -1.973
4.4000001 21.879 -1.992
4.2140002 22.027 -2.003
4.0469999 22.091 -2.006
3.8469999 22.174999 -2.0109999
3.671 22.197001 -2.01
3.4619999 22.233 -2.01
3.2869999 22.259001 -2.01
1.499 11.718 -0.95999998
1.377 11.633 -0.94999999
1.267 11.642 -0.94999999
1.275 12.658 -1.049
1.2690001 13.942 -1.175
1.189 14.31 -1.21
0.96200001 15.407 -1.316
0.912 17.274 -1.499
0.80800003 25.372 -2.293
0.54799998 24.399 -2.197
0.37400001 25.73 -2.3269999
0.133 26.135 -2.3670001
8.4180002 8.4680004 -1.046
8.2709999 8.4510002 -1.034
8.1260004 8.4619999 -1.024
7.9889998 8.4519997 -1.0140001
8.0450001 8.6719999 -1.034
8.0349998 8.8269997 -1.046
8.2740002 9.2329998 -1.094
8.2620001 9.3950005 -1.1059999
7.6760001 8.8710003 -1.024
7.612 8.9659996 -1.027
7.5320001 9.0150003 -1.026
8.2449999 10.119 -1.1619999
8.1619997 10.18 -1.1619999
8.1660004 10.383 -1.179
8.1569996 10.574 -1.194
8.1759996 10.772 -1.211
8.1820002 10.994 -1.23
8.316 11.508 -1.2819999
8.316 11.74 -1.301
11.167 16.014 -1.837
7.072 10.434 -1.115
6.9829998 10.479 -1.114
7.4699998 11.637 -1.243
5.3340001 8.4969997 -0.847
5.2470002 8.507 -0.84299999
5.1240001 8.4860001 -0.83399999
5.0320001 8.5129995 -0.83200002
4.9299998 8.493 -0.82499999
4.8299999 8.5039997 -0.82099998
4.7379999 8.4969997 -0.815
4.6389999 8.5080004 -0.81099999
4.552 8.507 -0.80699998
4.4520001 8.5109997 -0.80199999
4.4380002 8.6820002 -0.81699997
4.4460001 8.8669996 -0.83499998
4.4460001 9.0799999 -0.85500002
4.4590001 9.2880001 -0.875
4.4530001 9.5050001 -0.89499998
5.0040002 10.938 -1.0549999
4.9029999 10.944 -1.051
4.8520002 11.108 -1.0650001
4.869 11.389 -1.0930001
4.8610001 11.673 -1.12
4.8769999 11.974 -1.149
4.8740001 12.296 -1.1799999
4.7090001 12.214 -1.166
4.6030002 12.224 -1.163
4.4549999 12.179 -1.153
4.4780002 12.545 -1.1900001
4.4720001 12.908 -1.226
4.5110002 13.357 -1.271
1.47 11.623 -1.023
1.378 11.63 -1.022
1.277 11.718 -1.03
1.2869999 12.719 -1.1339999
1.28 13.93 -1.26
1.179 14.307 -1.298
0.866 14.724 -1.339
0.60000002 24.117001 -2.3180001
0.41100001 24.158001 -2.322
0.185 24.356001 -2.342
8.3570004 8.4829998 -1.1210001
8.224 8.4799995 -1.11
8.0769997 8.4870005 -1.1
8.0710001 8.6149998 -1.11
8.0649996 8.7729998 -1.122
8.0790005 8.9289999 -1.136
8.3030005 9.3529997 -1.187
7.6420002 8.7989998 -1.0930001
7.632 8.9569998 -1.105
7.7069998 9.2209997 -1.133
8.2390003 10.084 -1.244
8.2209997 10.257 -1.258
8.2159996 10.693 -1.296
7.0349998 10.451 -1.197
5.3790002 8.5200005 -0.91799998
5.276 8.5349998 -0.91299999
5.1750002 8.5200005 -0.90600002
5.079 8.5410004 -0.90200001
4.9819999 8.5310001 -0.89600003
4.8800001 8.5389996 -0.89099997
4.789 8.5340004 -0.88599998
4.691 8.5469999 -0.88200003
4.5780001 8.5310001 -0.87400001
4.5009999 8.5480003 -0.87199998
4.4850001 8.7150002 -0.88700002
4.4949999 8.9090004 -0.90700001
4.4850001 9.1000004 -0.92500001
4.4759998 9.3039999 -0.94499999
4.4809999 9.5059996 -0.96600002
4.9050002 10.762 -1.112
4.9060001 10.993 -1.135
4.8860002 11.234 -1.159
4.9029999 11.521 -1.189
4.8969998 11.815 -1.219
4.9089999 12.113 -1.25
4.9070001 12.447 -1.284
4.6989999 12.253 -1.256
4.5840001 12.241 -1.25
4.4920001 12.347 -1.257
4.5009999 12.684 -1.293
4.4980001 13.066 -1.3329999
4.6160002 13.763 -1.41
1.536 11.679 -1.107
1.387 11.681 -1.105
1.2920001 11.66 -1.101
1.2819999 12.679 -1.214
1.29 13.874 -1.346
1.197 14.345 -1.397
0.95899999 15.264 -1.4960001
0.62800002 22.722 -2.3210001
0.414 22.778 -2.3269999
0.236 22.816 -2.3310001
0.022 16.094999 -1.585
8.3870001 8.4510002 -1.194
8.2349997 8.4560003 -1.182
8.099 8.4490004 -1.17
8.0410004 8.5480003 -1.174
8.0579996 8.7010002 -1.189
8.0600004 8.8690004 -1.2029999
8.2980003 9.2749996 -1.257
8.2440004 9.3920002 -1.263
7.6399999 8.901 -1.173
7.5630002 8.9820004 -1.175
7.1589999 8.8079996 -1.1289999
5.8889999 8.4820004 -1.0089999
7.105 10.432 -1.278
5.665 8.4969997 -0.99599999
5.5640001 8.4899998 -0.98900002
5.3150001 8.4840002 -0.972
5.2119999 8.4969997 -0.96700001
5.1199999 8.4949999 -0.96100003
5.013 8.4980001 -0.95499998
4.9229999 8.4980001 -0.94999999
4.822 8.5080004 -0.94499999
4.7160001 8.5080004 -0.93900001
4.6300001 8.5100002 -0.93400002
4.5279999 8.5129995 -0.92900002
4.4749999 8.5740004 -0.93300003
4.473 8.7700005 -0.95300001
4.4699998 8.9700003 -0.97299999
4.4809999 9.1700001 -0.995
4.474 9.3789997 -1.017
4.4710002 9.5640001 -1.036
4.8899999 10.716 -1.179
4.9060001 10.977 -1.2079999
4.8909998 11.225 -1.234
4.8850002 11.505 -1.263
4.901 11.797 -1.296
4.8969998 12.106 -1.329
4.9109998 12.421 -1.364
4.697 12.217 -1.332
4.5910001 12.225 -1.329
4.4970002 12.328 -1.336
4.4899998 12.676 -1.375
4.507 13.045 -1.416
1.45 11.548 -1.163
1.353 11.658 -1.174
1.304 12.055 -1.22
1.291 13.071 -1.3380001
1.303 14.313 -1.483
1.173 14.38 -1.489
0.95899999 14.927 -1.551
0.61500001 20.457001 -2.1960001
0.42500001 20.556999 -2.207
0.23199999 20.636 -2.2160001
8.3660002 8.4630003 -1.262
8.2340002 8.4610004 -1.25
8.0799999 8.4610004 -1.237
8.0649996 8.6059999 -1.249
8.0860004 8.7659998 -1.265
8.0799999 8.927 -1.279
7.652 8.8920002 -1.2410001
7.5910001 8.9910002 -1.245
5.9190001 8.4919996 -1.072
7.086 10.453 -1.351
5.5580001 8.5039997 -1.048
5.421 8.4949999 -1.038
5.323 8.5170002 -1.034
5.2179999 8.5270004 -1.028
5.1269999 8.5279999 -1.022
5.0190001 8.5299997 -1.016
4.928 8.526 -1.01
4.823 8.5290003 -1.0039999
4.7189999 8.5319996 -0.99800003
4.631 8.5299997 -0.99199998
4.5310001 8.5369997 -0.98699999
4.4920001 8.6269999 -0.995
4.487 8.8190002 -1.016
4.5009999 9.0229998 -1.039
4.493 9.224 -1.0599999
4.4850001 9.4329996 -1.0829999
4.9299998 10.59 -1.235
4.9109998 10.817 -1.2589999
4.9109998 11.046 -1.285
4.9089999 11.331 -1.317
4.9200001 11.605 -1.348
4.9190001 11.917 -1.3839999
4.9109998 12.225 -1.418
4.8080001 12.244 -1.416
4.6719999 12.235 -1.409
4.5669999 12.249 -1.406
4.5050001 12.439 -1.425
1.554 11.662 -1.245
1.441 11.652 -1.242
1.331 11.661 -1.242
1.307 12.325 -1.322
1.2920001 13.41 -1.455
8.3959999 8.4230003 -1.322
8.2510004 8.4350004 -1.3099999
8.0799999 8.4180002 -1.293
8.0360003 8.5050001 -1.2970001
8.0439997 8.6759996 -1.314
8.0559998 8.8260002 -1.329
7.638 8.8319998 -1.294
7.5770001 8.9289999 -1.298
6.3119998 8.5790005 -1.163
5.5139999 8.4589996 -1.092
5.3909998 8.474 -1.085
5.283 8.4790001 -1.079
5.1960001 8.4879999 -1.074
5.0830002 8.4829998 -1.066
4.9970002 8.4899998 -1.061
4.8930001 8.4949999 -1.0549999
4.803 8.4919996 -1.049
4.704 8.5039997 -1.044
4.599 8.5030003 -1.0369999
4.5159998 8.5089998 -1.033
4.474 8.6230001 -1.043
4.4850001 8.8129997 -1.066
4.4809999 9.0129995 -1.0880001
4.4889998 9.2080002 -1.1109999
4.4860001 9.4259996 -1.136
4.9299998 10.609 -1.2970001
4.8959999 10.755 -1.312
4.8959999 11.027 -1.344
4.9099998 11.296 -1.376
4.9060001 11.583 -1.41
1.502 11.6 -1.2970001
1.4119999 11.623 -1.298
1.309 11.697 -1.306
1.3200001 12.671 -1.4299999
7.7989998 8.4790001 -1.355
7.6739998 8.4750004 -1.3430001
7.598 8.552 -1.344
7.5100002 8.6420002 -1.345
6.9840002 8.7040005 -1.306
6.329 8.6669998 -1.248
6.4190001 9.1190004 -1.3049999
5.3979998 8.5459995 -1.164
5.2909999 8.5539999 -1.1569999
5.198 8.5530005 -1.151
5.0939999 8.5620003 -1.145
4.9970002 8.552 -1.137
4.8930001 8.5579996 -1.13
4.8070002 8.5629997 -1.125
4.6989999 8.5570002 -1.118
4.5949998 8.5579996 -1.1109999
4.507 8.5550003 -1.105
4.4720001 8.6850004 -1.118
4.4850001 8.8830004 -1.143
4.474 9.0740004 -1.165
4.4840002 9.2790003 -1.191
4.4850001 9.5089998 -1.219
4.8959999 10.691 -1.387
4.9029999 10.979 -1.423
1.503 11.692 -1.391
1.392 11.698 -1.39
1.2970001 11.685 -1.386
1.276 12.594 -1.508
7.1620002 8.4549999 -1.37
7.0250001 8.4530001 -1.358
6.921 8.4619999 -1.349
6.7930002 8.4689999 -1.339
6.8049998 8.6210003 -1.357
6.3189998 8.6300001 -1.316
6.5739999 9.125 -1.3940001
6.4749999 9.1689997 -1.391
5.4070001 8.5120001 -1.229
5.3039999 8.526 -1.223
5.1929998 8.526 -1.215
5.1040001 8.5299997 -1.209
4.9949999 8.5299997 -1.201
4.9099998 8.5380001 -1.196
4.8060002 8.5419998 -1.189
4.7140002 8.5360003 -1.182
4.6139998 8.5439997 -1.176
4.5040002 8.533 -1.168
4.48 8.651 -1.181
4.48 8.8529997 -1.206
4.4879999 9.0419998 -1.2309999
4.48 9.2440004 -1.256
4.4710002 9.4499998 -1.2819999
4.6420002 10.751 -1.46
4.4920001 10.632 -1.436
4.4640002 10.849 -1.4630001
1.505 11.685 -1.47
1.39 11.659 -1.464
1.3049999 11.733 -1.473
6.7979999 8.4849997 -1.39
6.6760001 8.4680004 -1.377
6.5500002 8.4709997 -1.3660001
6.4299998 8.4799995 -1.3559999
6.3340001 8.4910002 -1.349
6.257 8.5550003 -1.35
6.1960001 8.6120005 -1.351
5.4000001 8.5050001 -1.273
5.2909999 8.5100002 -1.266
5.178 8.5059996 -1.256
5.0949998 8.5190001 -1.252
4.9829998 8.5120001 -1.243
4.895 8.5139999 -1.2359999
4.7919998 8.5209999 -1.23
4.7010002 8.5150003 -1.223
4.599 8.5179996 -1.216
4.5009999 8.5279999 -1.21
4.4770002 8.6459999 -1.224
4.4749999 8.8470001 -1.25
4.4829998 9.0380001 -1.275
4.4770002 9.2460003 -1.302
4.474 9.4659996 -1.331
4.573 10.216 -1.437
4.4710002 10.201 -1.429
4.4699998 10.468 -1.465
1.5420001 11.635 -1.516
1.4349999 11.523 -1.498
1.337 11.625 -1.511
5.4749999 5.677 -1.011
5.4460001 5.7360001 -1.0140001
5.4439998 5.8429999 -1.026
6.211 8.4919996 -1.414
6.092 8.4969997 -1.404
5.9679999 8.4639997 -1.3890001
5.8660002 8.4870005 -1.383
5.7579999 8.4729996 -1.372
5.6490002 8.4840002 -1.364
5.552 8.4820004 -1.355
5.4390001 8.4840002 -1.346
5.3410001 8.5059996 -1.341
5.2480001 8.5059996 -1.334
5.1409998 8.5109997 -1.326
5.0599999 8.5270004 -1.321
4.9419999 8.5120001 -1.3099999
4.8439999 8.5270004 -1.3049999
4.7509999 8.5179996 -1.2970001
4.652 8.5299997 -1.291
4.5630002 8.5240002 -1.284
4.4850001 8.5719995 -1.285
4.494 8.7539997 -1.3099999
4.4910002 8.9549999 -1.337
4.4860001 9.1590004 -1.365
4.4959998 9.3629999 -1.3940001
4.5710001 9.7510004 -1.452
4.4829998 9.7620001 -1.448
5.2249999 5.2849998 -1.0549999
5.197 5.3559999 -1.0599999
5.1810002 5.4239998 -1.066
5.1469998 5.4920001 -1.0700001
5.1459999 5.579 -1.08
5.1370001 5.6750002 -1.09
5.1789999 5.8319998 -1.113
5.1890001 8.5019999 -1.456
5.0960002 8.5 -1.448
4.9879999 8.5 -1.4400001
4.8839998 8.5050001 -1.432
4.803 8.5179996 -1.427
4.6939998 8.5100002 -1.418
4.598 8.493 -1.408
4.5100002 8.5220003 -1.406
4.4569998 8.5839996 -1.411
4.454 8.7799997 -1.438
4.4520001 8.9870005 -1.467
5.1490002 5.1830001 -1.107
5.1339998 5.25 -1.113
5.1149998 5.3299999 -1.12
5.0999999 5.415 -1.1289999
5.105 5.507 -1.141
5.131 5.6389999 -1.16
5.2210002 5.8649998 -1.199
5.197 5.9499998 -1.207
5.1100001 5.1479998 -1.1619999
5.1209998 5.2420001 -1.175
5.0999999 5.3200002 -1.183
5.1160002 5.421 -1.198
5.125 5.5339999 -1.2130001
5.1290002 5.645 -1.228
5.197 5.8119998 -1.2589999
5.1799998 5.9039998 -1.2690001
5.1220002 5.2290001 -1.228
5.0999999 5.289 -1.233
5.119 5.4099998 -1.252
5.105 5.4980001 -1.262
5.0910001 5.5700002 -1.27
5.1040001 5.6900001 -1.288
5.1300001 5.8099999 -1.308
5.1139998 5.902 -1.319
5.1859999 5.2049999 -1.298
5.0869999 5.2030001 -1.284
5.0580001 5.2880001 -1.2920001
5.0619998 5.4439998 -1.3150001
5.0430002 5.5279999 -1.324
5.039 5.612 -1.336
5.0370002 5.7179999 -1.351
5.0760002 5.8740001 -1.3789999
5.0510001 5.0939999 -1.348
5.0170002 5.1550002 -1.352
4.9990001 5.2340002 -1.362
4.9920001 5.309 -1.372
5.0380001 5.5120001 -1.409
5.0019999 5.5760002 -1.414
5.0440001 5.73 -1.443
5.1069999 5.8940001 -1.477
5.0650001 5.165 -1.429
5.0799999 5.2789998 -1.449
5.0450001 5.3260002 -1.451
5.0630002 5.448 -1.473
5.0450001 5.5149999 -1.4809999
5.0650001 5.1469998 -1.4859999
5.052 5.2140002 -1.495
